40 1071 15
40 71 2
40 1496 1
40 757 1
40 982 2
40 903 4
40 3952 2
40 1684 1
40 2773 4
40 1662 1
40 3179 3
40 2278 1
40 1429 1
40 429 1
40 481 1
40 892 2
40 1888 1
40 633 1
40 2588 1
40 3800 1
40 3868 1
40 1723 1
40 1504 1
40 2836 1
40 1203 1
40 1798 1
40 701 3
40 1076 1
40 2602 1
40 510 1
40 927 1
40 752 1
40 1835 2
40 3328 7
40 3682 5
40 521 1
40 1502 1
40 1202 1
40 3783 1
40 1408 1
40 1190 1
40 3579 3
40 382 1
40 3596 1
40 2663 1
40 1892 1
40 156 1
40 1562 4
40 3814 1
40 2676 1
40 2030 2
40 647 1
40 2953 1
40 3388 3
40 107 1
40 2514 1
40 1446 1
40 1056 1
40 1928 2
40 3165 2
40 3603 1
40 746 2
40 1883 1
40 1064 1
40 2172 1
40 295 2
40 1573 2
40 825 1
40 2520 1
40 3714 1
40 3951 1
40 1653 1
40 1196 1
40 288 1
40 1547 1
40 812 1
40 925 2
40 2044 1
40 265 1
40 2502 1
40 1328 1
40 93 1
40 2935 1
40 1347 1
40 3896 1
40 360 1
40 189 1
40 983 1
40 2642 1
40 3208 1
40 1793 1
40 820 1
40 3029 1
40 3690 1
40 965 1
40 283 1
40 2377 1
40 464 1
40 2333 1
40 795 1
40 2238 1
40 1957 1
40 2846 1
40 3194 1
40 568 1
40 865 1
40 118 1
40 1149 1
39 1275 30
39 1190 32
39 2974 8
39 3579 15
39 2861 2
39 3231 1
39 23 2
39 1692 2
39 982 4
39 1934 4
39 865 6
39 382 2
39 1994 2
39 2608 4
39 3805 3
39 1490 5
39 2698 3
39 3048 2
39 2013 2
39 2397 1
39 1587 1
39 683 1
39 3253 5
39 1677 1
39 3927 1
39 2764 2
39 3795 2
39 2038 1
39 123 2
39 956 1
39 3406 1
39 1118 9
39 2523 2
39 3840 1
39 971 1
39 272 1
39 2623 2
39 1662 3
39 1180 7
39 1136 3
39 1886 1
39 3094 1
39 2602 2
39 464 2
39 2813 2
39 860 3
39 3801 1
39 1076 1
39 1526 4
39 2056 1
39 3224 2
39 1104 4
39 2257 1
39 215 2
39 1499 1
39 1097 1
39 481 2
39 156 3
39 1328 1
39 2067 1
39 2187 1
39 374 1
39 3280 1
39 2659 2
39 925 5
39 110 3
39 3603 1
39 3328 6
39 820 3
39 3533 1
39 977 2
39 479 1
39 2207 5
39 109 1
39 1819 3
39 3826 1
39 3129 1
39 300 2
39 964 4
39 2083 4
39 2731 3
39 804 2
39 3181 1
39 1507 1
39 1006 1
39 3690 3
39 1274 6
39 1760 2
39 2798 3
39 452 1
39 3183 1
39 655 1
39 29 2
39 1159 2
39 3903 2
39 2857 2
39 2846 4
39 2578 2
39 1971 1
39 692 1
39 1944 1
39 3197 1
39 3055 2
39 3314 2
39 701 2
39 1870 3
39 2582 3
39 3308 5
39 1907 1
39 892 5
39 3293 3
39 3770 1
39 1068 3
39 1533 1
39 2350 2
39 2415 1
39 3811 1
39 3754 1
39 2618 1
39 3492 1
39 194 1
39 663 1
39 2976 1
39 2291 1
39 2918 1
39 973 1
39 3613 1
39 3587 1
39 3868 2
39 2559 1
39 2112 1
39 3407 1
39 1562 1
39 1000 1
39 3737 1
39 644 1
39 2992 1
39 2876 1
39 944 2
39 635 1
39 3188 1
39 893 1
39 994 1
39 446 1
39 1189 1
39 1610 1
39 2118 1
39 1514 1
39 3412 1
39 1638 1
39 3339 1
39 636 1
39 2603 1
39 429 1
39 237 1
39 2399 1
39 2931 1
39 2754 1
39 1495 1
39 2895 2
39 999 2
39 163 1
39 2922 1
39 2030 3
39 3285 1
39 2232 1
39 836 1
39 3941 1
39 2200 2
39 3028 1
39 991 1
39 2031 1
39 1905 3
39 533 1
39 2773 1
39 1346 1
39 1942 1
39 63 1
39 945 1
39 1267 1
39 1555 2
39 2935 1
39 1428 2
39 1821 1
39 3472 1
39 1930 1
39 2141 1
39 2065 1
39 118 4
39 1972 1
39 440 1
39 867 3
39 2400 1
39 2836 1
39 2292 1
39 828 1
39 455 2
39 2469 1
39 1761 1
39 2951 1
39 568 1
39 75 2
39 2417 1
39 1153 2
39 2231 2
39 3789 2
39 1202 3
39 1990 2
39 1149 1
39 2186 1
39 3474 1
39 1557 1
39 1373 1
39 2966 1
39 264 1
39 1233 1
39 3066 1
39 1111 1
39 1197 1
39 3828 1
39 3804 1
39 250 1
39 361 1
39 460 1
39 2896 1
39 8 1
39 2557 1
39 364 1
39 1070 1
39 2553 1
39 1157 1
39 2137 1
39 2814 1
39 3237 1
39 2758 1
39 752 3
39 1762 1
39 286 1
39 2302 1
39 581 1
39 3907 1
39 3783 1
39 93 1
39 2047 1
39 1672 2
39 1803 1
39 3668 1
39 3936 1
39 850 1
39 3454 1
39 3581 1
39 2787 1
39 2930 1
39 373 1
39 2418 1
39 1369 1
39 236 2
39 2634 1
39 1199 1
39 3763 1
39 430 1
39 2026 1
39 1129 2
39 604 1
39 3290 1
39 72 1
39 591 1
39 66 1
39 365 1
39 2140 1
39 821 1
39 103 1
39 1640 1
39 2249 1
39 3951 2
39 949 1
39 934 1
39 1064 1
39 3367 1
39 388 1
39 3494 1
39 3626 1
39 14 1
39 2333 1
39 3528 1
39 191 1
39 1286 1
39 3922 2
39 3450 1
39 2518 2
39 2772 2
39 115 1
39 825 1
39 1066 1
39 2262 1
39 442 1
39 3906 1
39 1883 1
39 434 1
39 1928 1
39 1169 1
39 3317 1
38 1046 12
38 2495 14
38 2404 1
38 2173 25
38 964 4
38 402 1
38 2979 20
38 3450 3
38 2154 1
38 1870 2
38 3367 3
38 464 2
38 2018 2
38 1674 1
38 2368 3
38 456 3
38 2977 2
38 1763 1
38 624 1
38 1855 1
38 814 2
38 1562 7
38 2047 2
38 1197 4
38 2232 2
38 3320 3
38 429 1
38 3539 2
38 2234 1
38 1109 3
38 2083 3
38 634 5
38 1962 1
38 116 1
38 1582 1
38 1019 1
38 2814 1
38 2805 1
38 851 1
38 2147 1
38 2444 2
38 2930 3
38 1609 1
38 804 2
38 1588 2
38 68 1
38 1537 1
38 2080 1
38 103 1
38 770 1
38 3253 2
38 198 1
38 1413 1
38 3219 4
38 1190 1
38 390 1
38 1919 1
38 2192 1
38 151 1
38 2388 1
38 539 1
38 3212 1
38 1091 1
38 717 1
38 3925 1
38 1093 1
38 3143 1
38 937 4
38 3679 1
38 1970 1
38 2964 1
38 3681 2
38 769 1
38 3579 5
38 656 2
38 3744 2
38 2041 2
38 2587 1
38 2869 1
38 2136 2
38 2834 1
38 892 1
38 1522 2
38 2248 1
38 875 1
38 2608 2
38 281 2
38 825 1
38 2 2
38 738 1
38 1761 1
38 298 2
38 2806 2
38 1983 1
38 568 2
38 3828 2
38 3482 2
38 3194 1
38 762 5
38 2326 4
38 2528 1
38 2729 1
38 132 1
38 1533 1
38 2803 1
38 1320 2
38 797 1
38 600 1
38 66 1
38 1520 1
38 2845 2
38 2030 3
38 1836 1
38 1032 1
38 643 1
38 338 1
38 2013 1
38 679 1
38 1165 1
38 2595 1
38 1450 1
38 3734 1
38 460 1
38 594 1
38 2944 1
38 1233 1
38 1294 1
38 2962 1
38 1198 1
38 3794 1
38 2801 1
38 2676 1
38 1534 1
38 2112 1
38 491 1
38 384 1
38 1796 1
38 3943 1
38 1616 1
38 885 1
38 2189 1
38 891 2
38 2846 1
38 3410 2
38 360 3
38 3305 1
38 2658 2
38 3122 1
38 1434 1
38 1481 1
38 1848 2
38 2935 1
38 1883 1
38 3342 1
38 1658 1
38 1497 1
38 494 1
38 908 1
38 1701 1
38 3698 1
38 1475 1
38 2324 1
38 2360 3
38 2056 1
38 1774 1
38 70 1
38 3889 1
38 1391 1
38 859 1
38 2432 1
38 663 1
38 3340 1
38 1952 1
38 3788 1
38 114 1
38 2236 1
38 10 1
38 2142 2
38 1975 1
38 2068 1
38 865 1
38 787 1
38 184 1
38 1768 1
38 326 1
38 124 2
38 315 1
38 110 1
38 2897 1
38 1181 1
38 3283 2
38 2431 1
38 3639 1
38 2533 1
38 3973 1
38 1104 2
38 3877 1
38 1619 1
38 3611 1
38 3371 1
38 3522 1
38 2285 1
38 1865 1
38 1986 1
38 1749 1
38 2565 1
38 120 1
38 1400 1
38 2915 1
38 895 1
38 1122 1
38 3355 1
38 3027 1
38 1222 1
38 1357 2
38 1055 1
38 664 1
38 2266 1
38 1246 1
38 925 1
38 2503 1
38 3106 1
38 42 1
38 3808 1
38 3006 1
38 2810 1
38 1725 1
38 1430 1
38 2997 1
38 2475 1
38 2307 1
38 3805 1
38 965 1
38 156 1
38 1336 1
38 1276 1
38 3315 1
38 3920 1
38 672 1
38 1549 1
37 2752 6
37 2809 2
37 3482 1
37 2173 9
37 2826 2
37 283 2
37 3690 1
37 670 1
37 101 2
37 627 1
37 944 2
37 2493 1
37 1300 2
37 3049 1
37 1046 4
37 486 2
37 1123 1
37 2856 1
37 2448 1
37 3244 1
37 1971 1
37 1222 1
37 656 1
37 2503 1
37 3868 2
37 1692 4
37 71 1
37 3449 1
37 570 1
37 1888 1
37 1351 3
37 709 1
37 2025 1
37 564 1
37 3163 1
37 1975 1
37 2047 1
37 3328 2
37 2593 1
37 3442 1
37 2129 1
37 2846 1
37 1773 2
37 701 1
37 2684 2
37 1603 1
37 2550 1
37 1619 1
37 3611 1
37 3649 1
37 144 1
37 1018 1
37 2356 1
37 1928 1
37 1720 1
37 2582 2
37 1994 1
37 1723 2
37 1568 1
37 464 3
37 2333 1
37 757 1
37 2464 1
37 3651 1
37 1840 1
37 3549 1
37 172 1
37 2049 1
37 3783 2
37 64 3
37 1562 7
37 683 2
37 2541 1
37 964 3
37 3170 1
37 3404 1
37 1892 2
37 892 1
37 3932 1
37 2955 1
37 937 1
37 3157 1
37 14 1
37 1883 1
37 2930 1
37 1759 1
37 3922 1
37 2692 4
37 2244 2
37 1328 2
37 3188 3
37 1040 1
37 2608 2
37 265 1
37 3054 1
37 510 2
37 2773 2
37 1833 1
37 2030 1
37 903 1
37 3537 1
37 2449 1
37 1051 1
37 291 1
37 274 1
37 2561 1
37 1990 1
37 2996 1
37 3967 1
37 1278 1
37 3545 2
37 3570 1
37 401 1
37 1581 1
37 1981 1
37 1870 1
37 3906 1
37 2716 1
37 2554 1
37 93 2
37 3219 1
37 586 1
37 3789 1
37 3816 1
37 193 1
37 158 1
37 983 1
37 3737 1
37 2760 1
37 2000 1
37 3660 5
37 829 1
37 1430 1
37 1622 2
37 1698 1
37 1906 1
37 3009 1
37 2304 1
37 3656 1
37 576 1
37 2231 2
37 2964 1
37 3026 1
37 770 1
37 3531 1
37 3228 1
37 118 1
37 3839 1
37 1760 1
37 3924 3
37 753 1
37 3603 1
37 1498 1
37 1104 1
37 2036 1
37 2693 1
37 3059 2
37 2598 1
37 886 1
37 976 1
37 1832 1
37 470 1
37 573 1
37 3389 1
37 925 1
37 804 1
37 2070 1
37 359 1
37 288 1
37 3092 1
37 2596 1
37 1502 1
37 3555 1
37 360 2
37 2658 1
37 672 1
37 334 1
37 1317 1
37 382 1
37 2154 1
37 1011 1
37 198 1
37 3253 1
37 2942 1
37 2022 1
37 2494 1
36 1923 1
36 3364 5
36 85 2
36 946 2
36 3450 1
36 255 1
36 2080 2
36 1725 19
36 1052 1
36 1619 2
36 2533 2
36 2832 5
36 2552 1
36 1090 1
36 2979 3
36 964 3
36 402 2
36 2266 2
36 361 6
36 1892 2
36 1850 3
36 3012 2
36 206 2
36 705 3
36 2895 3
36 3275 1
36 61 1
36 656 2
36 2744 1
36 3868 3
36 298 2
36 2806 1
36 639 1
36 1854 1
36 3219 2
36 1562 6
36 1818 1
36 685 1
36 937 10
36 192 1
36 52 1
36 110 2
36 2182 1
36 129 1
36 1763 1
36 3940 3
36 3579 1
36 464 2
36 2711 3
36 3547 1
36 1836 1
36 1758 1
36 2326 2
36 1326 1
36 1975 1
36 261 1
36 352 1
36 777 1
36 3079 3
36 1877 2
36 956 1
36 2861 1
36 3829 1
36 3006 4
36 1153 1
36 3076 4
36 3221 1
36 2710 1
36 859 1
36 815 1
36 87 1
36 428 1
36 2064 1
36 3407 1
36 1654 1
36 1445 1
36 814 1
36 966 1
36 1162 1
36 3517 1
36 3828 3
36 1327 1
36 3735 2
36 2368 1
36 1609 1
36 2609 1
36 2334 1
36 2798 3
36 2234 1
36 3827 1
36 3367 2
36 634 2
36 1521 1
36 2070 1
36 892 4
36 2966 1
36 2425 1
36 1804 1
36 1760 1
36 770 1
36 137 1
36 3437 1
36 1588 1
36 2238 1
36 3355 1
36 2305 1
36 2391 1
36 156 1
36 694 1
36 3387 2
36 2888 2
36 3809 1
36 3490 1
36 198 1
36 11 1
36 3914 1
36 646 1
36 2018 1
36 1202 1
36 2299 1
36 3508 1
36 3663 1
36 2335 1
36 1848 1
36 767 1
36 616 1
36 2350 1
36 360 1
36 3477 1
36 1883 1
36 2924 1
36 3155 1
36 825 1
36 1222 1
36 373 1
36 925 3
36 804 1
36 1369 1
36 1775 1
36 2731 2
36 2083 1
36 1023 2
36 3108 2
36 1036 1
36 2694 2
36 2461 1
36 51 1
36 2198 1
36 2469 1
36 42 1
36 748 2
36 2869 1
36 213 1
36 683 1
36 3687 1
36 1167 1
36 365 1
36 3766 1
36 2339 1
36 1761 1
36 3690 1
36 1213 1
36 2846 2
36 2470 1
36 3575 1
36 23 1
36 765 1
36 367 1
36 832 1
36 103 1
36 25 1
36 167 1
36 2780 1
36 3085 1
36 1305 1
36 1129 1
36 2279 1
36 1783 1
36 323 1
36 452 1
36 854 1
36 2654 1
36 980 1
36 1190 1
36 1173 1
36 1272 1
36 35 4
36 58 1
36 1679 1
36 1905 1
36 867 1
36 3669 1
36 3110 1
36 1355 1
36 3746 1
36 3638 1
36 2152 1
36 3030 1
36 1617 1
36 3808 1
36 247 1
36 187 1
36 612 1
36 1331 1
36 3883 2
36 3713 1
36 1046 2
36 2324 2
36 1357 1
36 3417 2
36 2589 1
36 3764 1
36 908 1
36 1501 1
36 3505 1
36 2882 2
36 1456 1
36 2788 1
36 1834 1
36 737 1
36 1315 1
36 2249 1
36 1426 1
36 304 1
36 2749 1
36 1898 1
36 1413 1
36 1093 1
36 3329 1
36 3482 1
36 996 1
36 13 1
36 2615 1
36 1005 1
36 99 1
36 3471 1
36 1511 1
36 1537 1
36 2578 1
36 1176 1
36 1782 1
36 3551 1
36 3957 1
36 2247 1
36 2863 1
36 3239 1
36 1577 1
36 2311 1
36 720 1
36 2442 1
36 1952 1
35 2100 8
35 3405 2
35 1653 1
35 3328 5
35 2618 1
35 461 1
35 2042 1
35 2268 1
35 2208 1
35 1070 3
35 3579 3
35 3868 1
35 174 2
35 492 1
35 1973 4
35 3509 2
35 2218 3
35 2353 1
35 3219 1
35 3924 1
35 2608 4
35 683 1
35 2791 1
35 3431 1
35 278 1
35 837 1
35 1562 4
35 1892 1
35 1502 1
35 1123 1
35 3768 2
35 937 1
35 348 1
35 360 6
35 2552 2
35 3181 1
35 42 1
35 2326 1
35 2698 1
35 1357 1
35 1391 1
35 1546 3
35 2670 1
35 3976 1
35 536 1
35 2125 2
35 2517 1
35 136 4
35 1812 1
35 1619 1
35 1017 1
35 424 1
35 120 1
35 832 1
35 1786 1
35 3932 1
35 3841 1
35 892 1
35 3121 1
35 2102 1
35 210 1
35 2469 1
35 2676 2
35 156 2
35 359 1
35 1887 1
35 2998 2
35 241 1
35 1808 1
35 3500 1
35 537 1
35 3031 1
35 3211 1
35 3132 3
35 2564 1
35 384 1
35 2204 1
35 2209 1
35 2426 1
35 3365 1
35 3681 1
35 3683 1
35 24 1
35 2148 1
35 814 2
35 3875 1
35 562 1
35 3690 1
35 2388 1
35 162 1
35 2028 1
35 3498 1
35 3619 1
35 2329 1
35 426 1
35 3350 1
35 1328 1
35 298 1
35 3471 1
35 2898 1
35 2436 1
35 2979 1
35 3618 1
35 2834 1
35 2083 1
35 1295 1
35 3046 1
35 212 1
35 3120 1
35 1534 1
35 1616 2
35 2832 2
35 813 1
35 2533 2
35 54 1
35 733 1
35 1963 1
35 1754 1
35 1886 1
35 3871 1
35 3080 1
35 2049 3
35 1523 1
35 332 1
35 3897 2
35 2757 1
35 89 1
35 966 1
35 1445 1
35 1807 1
35 2173 1
35 3249 1
35 1434 1
35 1588 1
35 2145 1
35 2782 1
35 1057 1
35 3013 1
35 1368 1
35 3325 1
35 596 1
35 568 1
35 397 1
35 1086 1
35 2160 1
35 1847 1
35 3638 1
35 2041 1
35 2863 1
35 2629 1
35 952 1
35 2761 1
35 1662 1
35 284 2
35 19 1
35 1890 1
35 850 1
35 110 1
35 1389 1
35 906 1
35 3591 1
35 2658 1
35 3499 1
35 2405 1
35 802 1
35 2807 1
35 1110 1
35 1760 1
35 3035 2
35 3551 1
35 3079 2
35 1260 1
35 1195 1
35 2078 1
35 3143 2
35 3450 1
35 1905 1
35 623 1
35 87 1
35 3801 1
35 2107 1
35 2892 1
35 1319 1
35 2366 1
35 2973 1
35 2430 1
35 1842 1
35 2869 1
35 2312 1
35 3053 1
35 2021 1
35 787 1
35 1145 1
35 995 1
35 2414 1
35 2260 1
35 15 1
35 2870 1
34 126 35
34 3049 1
34 16 7
34 614 1
34 1190 9
34 1200 1
34 1983 1
34 568 2
34 1725 6
34 964 3
34 478 4
34 1533 2
34 2803 1
34 2798 2
34 1160 1
34 1289 8
34 2769 4
34 865 2
34 3579 3
34 26 1
34 1993 1
34 1326 1
34 3328 2
34 656 1
34 720 1
34 937 7
34 580 1
34 3219 2
34 1051 1
34 1357 1
34 2888 1
34 2546 1
34 925 2
34 558 1
34 2842 1
34 1546 1
34 1250 4
34 384 2
34 3611 1
34 2998 1
34 86 1
34 848 1
34 1217 1
34 1093 1
34 1732 1
34 776 1
34 1565 1
34 1129 1
34 3488 1
34 3870 1
34 3679 1
34 3407 1
34 2670 1
34 1391 1
34 1619 1
34 2436 1
34 1349 1
34 413 1
34 838 1
34 1237 1
34 2966 6
34 2356 1
34 1223 1
34 1753 1
34 1562 4
34 1773 2
34 66 1
34 3447 1
34 3883 5
34 3906 1
34 351 1
34 3714 1
34 3755 1
34 1399 1
34 3946 2
34 3249 1
34 3655 3
34 194 3
34 2952 1
34 627 2
34 1892 2
34 2911 1
34 743 1
34 2136 1
34 636 1
34 3417 2
34 2245 1
34 3792 1
34 3529 1
34 326 2
34 686 1
34 2723 1
34 3940 1
34 328 1
34 2270 1
34 2774 1
34 822 1
34 3415 1
34 602 1
34 1046 5
34 701 1
34 1011 2
34 3628 3
34 3261 2
34 2724 1
34 3517 2
34 1912 2
34 1760 2
34 2861 3
34 1727 2
34 2810 3
34 1560 1
34 1769 1
34 1905 2
34 1438 1
34 2749 2
34 3571 2
34 2994 1
34 1827 1
34 3512 1
34 3832 3
34 231 1
34 2607 1
34 1642 1
34 1141 1
34 1980 2
34 3867 1
34 901 1
34 805 1
34 536 1
34 3626 1
34 1718 1
34 1583 2
34 612 1
34 2893 1
34 752 4
34 3877 1
34 2334 1
34 1445 1
34 814 1
34 2676 1
34 2505 1
34 517 2
34 2727 1
34 1662 1
34 3738 1
34 480 2
34 1062 1
34 333 2
34 2918 3
34 3479 1
34 3283 1
34 1205 1
34 208 1
34 2102 1
34 3241 1
34 666 1
34 866 1
34 2571 2
34 1183 2
34 1814 1
34 3181 2
34 3244 2
34 2772 1
34 3575 1
34 3585 1
34 3705 1
34 1446 1
34 278 1
34 1925 1
34 1539 1
34 683 2
34 2158 1
34 295 1
34 3355 1
34 2047 2
34 908 1
34 460 1
34 3410 1
34 2575 2
34 3450 1
34 2950 1
34 3279 1
34 757 1
34 1970 1
34 188 1
34 3482 1
34 3338 1
34 3934 1
34 2427 1
34 2855 1
34 1726 1
34 3051 1
34 438 1
34 1937 1
34 410 1
34 307 1
34 1934 1
34 505 1
34 205 1
34 3591 1
34 2196 1
34 3744 1
34 3932 1
34 1788 1
34 13 1
34 3094 1
34 1355 1
34 2863 1
34 2239 1
34 1113 1
34 952 1
34 2533 1
34 1425 1
34 960 1
34 464 2
34 1275 2
34 360 2
34 1089 1
34 899 1
34 357 1
34 3937 1
34 3763 1
34 1812 1
34 3126 1
34 156 1
34 120 1
34 1073 1
34 3471 1
34 2143 1
34 1069 1
34 716 1
34 3167 1
34 2174 1
34 922 1
34 1834 1
34 664 1
34 2181 1
34 474 1
34 1461 1
34 1104 1
34 3550 1
34 1277 1
34 2367 1
34 630 1
34 1098 1
34 2832 1
34 1819 1
34 679 1
34 1371 1
34 841 1
34 3645 1
34 2895 1
34 101 1
34 320 1
34 1432 1
34 2279 1
34 1736 1
34 842 1
34 3396 1
34 3647 1
34 2474 1
34 3739 1
34 2394 1
34 477 1
34 2030 1
34 2472 1
33 2007 28
33 455 19
33 3328 10
33 701 6
33 1994 3
33 1876 2
33 1964 3
33 2971 1
33 3817 1
33 2076 1
33 194 1
33 2231 1
33 2608 1
33 2685 1
33 2111 1
33 1557 1
33 1760 1
33 2344 1
33 1754 1
33 3699 1
33 3611 2
33 3262 2
33 529 1
33 29 4
33 403 8
33 2774 1
33 1870 1
33 1104 1
33 2036 2
33 533 1
33 1716 7
33 1090 1
33 2639 2
33 2950 4
33 3443 7
33 2512 2
33 2964 2
33 746 1
33 1613 1
33 3477 1
33 842 1
33 482 1
33 825 1
33 3308 1
33 1288 1
33 1573 3
33 592 1
33 663 1
33 1607 1
33 1159 2
33 1662 3
33 926 3
33 2030 2
33 3549 1
33 983 1
33 2882 2
33 1331 1
33 384 2
33 3940 2
33 865 1
33 3579 6
33 1546 5
33 1328 4
33 956 2
33 1512 1
33 951 1
33 1535 1
33 66 2
33 1676 1
33 2755 1
33 3238 3
33 1527 1
33 2725 2
33 2587 2
33 2333 1
33 1562 3
33 3924 2
33 3709 4
33 1628 1
33 2045 1
33 2106 2
33 3143 3
33 2938 1
33 769 2
33 675 1
33 3272 1
33 110 1
33 2136 3
33 1730 3
33 2388 9
33 162 3
33 937 2
33 2811 4
33 3253 1
33 1425 1
33 198 1
33 3079 2
33 1905 1
33 1275 1
33 901 2
33 3340 1
33 353 1
33 3898 1
33 2337 1
33 1111 2
33 505 2
33 2750 1
33 1579 1
33 2028 3
33 783 1
33 3101 1
33 3884 3
33 1912 2
33 360 1
33 2127 2
33 2977 1
33 3812 2
33 1079 1
33 3638 2
33 955 1
33 2282 2
33 2149 1
33 2676 1
33 3117 1
33 1877 1
33 3892 1
33 981 1
33 2170 1
33 2888 1
33 567 1
33 2393 1
33 1653 1
33 2109 1
33 2700 1
33 925 1
33 348 1
33 656 2
33 696 1
33 175 1
33 1202 1
33 3107 1
33 298 3
33 3471 2
33 765 2
33 2640 1
33 1032 2
33 3899 1
33 1588 1
33 1326 1
33 3763 1
33 1066 1
33 1178 1
33 2226 1
33 2846 2
33 1971 1
33 2224 2
33 2431 2
33 2744 1
33 3868 3
33 2806 1
33 1818 2
33 685 1
33 199 1
33 964 1
33 3656 1
33 677 1
33 1516 1
33 3681 1
33 3683 1
33 1025 1
33 1375 1
33 96 1
33 2869 1
33 931 1
33 892 1
33 61 1
33 2436 3
33 2798 1
33 3819 1
33 2787 1
33 28 1
33 1619 2
33 464 3
33 3806 1
33 1595 1
33 3796 1
33 798 1
33 1931 2
33 939 1
33 832 2
33 3503 2
33 3485 3
33 2772 1
33 3690 2
33 1153 1
33 2893 1
33 1636 1
33 2211 1
33 2470 1
33 1355 1
33 1734 1
33 3826 1
33 1650 1
33 2915 1
33 2479 1
33 3828 1
33 3773 1
33 156 1
33 1076 1
33 295 1
33 1965 1
33 385 1
33 3680 1
33 3658 1
33 3302 2
33 1380 1
33 1445 1
33 814 1
33 159 1
33 2410 1
33 2200 1
33 3327 1
33 4 2
33 568 1
33 137 1
33 2729 1
33 1743 1
33 3833 1
33 2808 1
33 2622 1
33 1073 1
33 2998 1
33 2830 1
33 1701 1
33 2832 1
33 2135 1
33 788 1
33 674 1
33 2946 1
32 1270 12
32 3153 9
32 172 4
32 909 3
32 2577 6
32 464 2
32 2136 1
32 1539 1
32 2772 1
32 3585 1
32 1655 1
32 1562 2
32 825 4
32 3134 1
32 2233 3
32 2518 1
32 683 2
32 2404 1
32 3328 1
32 420 2
32 727 1
32 588 1
32 3528 1
32 2608 3
32 2085 1
32 2846 2
32 1070 1
32 2582 1
32 3950 1
32 3242 1
32 1787 2
32 3216 1
32 132 1
32 1413 2
32 1183 1
32 1092 1
32 853 1
32 1204 1
32 3649 1
32 3579 1
32 2975 1
32 3672 1
32 3929 1
32 1104 1
32 1409 1
32 983 1
32 964 2
32 2620 1
32 3868 1
32 633 1
32 217 1
32 2712 1
32 3240 1
32 223 1
32 2983 1
32 360 1
32 1098 1
32 112 1
32 61 1
32 457 1
32 2138 1
32 1604 1
32 2346 1
32 3659 1
32 1971 1
32 3264 2
32 2398 1
32 2444 2
32 56 1
32 713 1
32 2798 2
32 2231 1
32 3425 1
32 925 4
32 506 1
32 2721 1
32 2776 1
32 2049 2
32 2814 3
32 455 1
32 3641 1
32 3924 1
32 891 1
32 176 1
32 42 3
32 1344 1
32 1491 1
32 623 1
32 595 1
32 326 1
32 3131 1
32 662 1
32 2979 1
32 1657 1
32 3181 1
32 2888 1
32 114 1
32 26 1
32 1222 1
32 1781 1
32 1341 3
32 1908 1
32 3122 1
32 694 1
32 654 1
32 1434 1
32 3906 2
32 2249 1
32 2578 1
32 1446 1
32 1088 1
32 1457 2
32 2908 1
32 675 1
32 1318 1
32 3330 1
32 3864 1
32 1019 1
32 2202 1
32 3976 1
32 3101 1
32 634 1
32 3007 1
32 1905 1
32 804 1
32 1287 1
32 2132 1
32 215 1
32 2046 1
32 1805 1
32 3650 1
32 1542 1
32 2097 1
32 2201 1
32 30 1
32 1870 1
32 1950 1
32 970 1
32 3390 1
32 3211 1
31 1844 5
31 480 6
31 3588 16
31 2047 6
31 3328 2
31 29 2
31 3295 2
31 1190 1
31 2389 1
31 2798 3
31 825 2
31 2676 3
31 1445 2
31 814 3
31 319 4
31 2810 1
31 3384 2
31 1110 4
31 3955 1
31 3143 2
31 3615 1
31 568 4
31 2930 4
31 3474 1
31 3103 5
31 865 4
31 3579 3
31 302 1
31 3079 1
31 3668 1
31 298 2
31 3471 2
31 736 1
31 1644 1
31 3340 2
31 3206 1
31 1545 1
31 3741 1
31 3434 1
31 667 1
31 2574 1
31 505 2
31 2801 1
31 260 1
31 3475 1
31 3316 3
31 1317 3
31 3848 1
31 68 1
31 2816 1
31 3534 1
31 3907 1
31 3135 1
31 1708 2
31 2333 1
31 3542 1
31 384 1
31 497 1
31 1380 1
31 81 1
31 3064 2
31 110 1
31 3796 1
31 1760 1
31 2533 1
31 3170 1
31 1818 1
31 937 3
31 3631 1
31 375 1
31 3523 1
31 2812 1
31 3788 1
31 1551 1
31 748 3
31 2387 1
31 1111 1
31 3198 2
31 553 1
31 3887 1
31 3611 1
31 3875 1
31 2900 1
31 1653 2
31 3019 1
31 2977 1
31 1643 1
31 3055 1
31 2895 1
31 925 3
31 1903 1
31 244 1
31 1786 1
31 411 1
31 1386 1
31 2993 4
31 1482 1
31 1428 1
31 3575 1
31 1144 1
31 2964 1
31 1870 1
31 1104 1
31 2231 1
31 2308 1
31 3789 3
31 1597 1
31 1797 1
31 3808 1
31 2886 1
31 1664 1
31 1354 1
31 1835 1
31 2795 1
31 1442 1
31 1777 1
31 3545 1
31 3570 2
31 2571 1
31 1562 3
31 1432 1
31 3185 1
31 3681 1
31 1358 1
31 2887 1
31 765 1
31 31 1
31 3932 1
31 3660 1
31 2070 1
31 3175 1
31 308 1
31 995 1
31 3253 2
31 1651 1
31 1883 2
31 1826 1
31 3761 1
31 133 1
31 2262 1
31 2864 1
31 476 1
31 947 1
31 2731 1
31 36 1
31 2161 1
31 59 1
31 2803 1
31 721 1
31 3730 1
31 934 1
31 2578 1
31 1605 1
31 215 1
31 1184 2
31 3830 1
31 777 2
31 71 2
31 1533 1
31 3621 1
31 2711 1
31 3102 1
31 2618 1
31 3492 1
31 3023 1
31 2916 1
31 2450 1
31 266 1
31 1316 1
31 360 1
31 3921 1
31 1659 1
31 3809 1
31 3202 1
31 1005 1
31 297 1
31 754 1
31 1114 1
31 741 1
31 3450 1
31 2953 1
31 2052 1
31 2594 1
31 2411 1
31 3272 1
31 879 1
31 66 1
31 701 1
31 1462 1
31 2253 1
31 2899 1
31 1537 1
31 1571 1
31 629 1
31 1512 1
31 3477 1
31 2989 1
30 1812 18
30 3126 26
30 3581 1
30 1479 1
30 298 2
30 3471 5
30 1986 1
30 2296 1
30 1566 1
30 1320 1
30 2445 1
30 3294 4
30 156 4
30 2527 1
30 1428 2
30 1662 1
30 1820 7
30 2846 1
30 974 1
30 3644 4
30 3245 1
30 768 1
30 1103 1
30 3551 2
30 1198 1
30 210 1
30 1093 1
30 148 1
30 283 3
30 1098 4
30 438 1
30 1104 3
30 1374 1
30 2422 1
30 3789 1
30 1695 1
30 3409 1
30 1280 1
30 879 3
30 784 2
30 120 1
30 1892 6
30 756 1
30 129 4
30 77 1
30 2863 3
30 2866 3
30 2915 1
30 2844 4
30 1927 1
30 3783 1
30 1114 1
30 474 4
30 2686 1
30 3937 4
30 1238 2
30 2802 1
30 1474 2
30 3081 1
30 2895 1
30 1146 1
30 2299 1
30 2803 1
30 1766 1
30 344 1
30 3811 1
30 683 2
30 3924 1
30 2892 2
30 3106 1
30 334 1
30 333 1
30 1905 2
30 3285 1
30 3623 1
30 925 2
30 574 1
30 1527 1
30 563 1
30 2231 1
30 3429 4
30 3696 1
30 2183 2
30 12 1
30 752 2
30 1011 1
30 1704 3
30 3012 1
30 3734 1
30 3158 1
30 533 1
30 1562 2
30 1680 1
30 3745 1
30 3079 1
30 2847 2
30 1980 2
30 1870 1
30 847 1
30 3211 1
30 865 1
30 1583 2
30 3188 1
30 2030 1
30 1948 2
30 3784 1
30 2810 2
30 2677 2
30 2900 1
30 66 1
30 1976 1
30 734 3
30 1061 2
30 578 1
30 2533 3
30 3025 1
30 551 1
30 1755 3
30 3232 2
30 3801 4
30 2083 1
30 3328 1
30 1971 1
30 3407 1
30 3224 1
30 426 1
30 1973 4
30 19 3
30 460 1
30 1317 1
30 816 1
30 850 1
30 1064 1
30 3055 1
30 3868 1
30 2658 2
30 2566 1
30 2270 1
30 3083 1
30 3432 1
30 265 1
30 1328 2
30 1619 2
30 1983 2
30 3611 1
30 729 1
30 956 1
30 1533 1
30 2130 1
30 1190 1
30 2153 1
30 3132 1
30 892 1
30 3094 1
30 3388 2
30 464 2
30 1534 1
30 1616 1
30 2379 1
30 138 1
30 928 1
30 1725 4
30 3119 1
30 1869 1
30 1593 1
30 361 1
30 167 1
30 1373 1
30 899 1
30 3973 1
30 126 1
30 1760 1
30 2861 1
30 1727 1
30 3628 1
30 1177 1
30 1142 1
30 855 1
30 3557 2
30 207 1
30 3234 1
30 1903 1
30 2576 1
30 1105 1
30 1916 1
30 2205 1
30 1110 1
30 3862 1
30 3657 1
30 408 1
30 1896 1
30 3621 1
30 3463 1
30 3607 1
30 1440 1
30 853 2
30 1791 2
30 2151 1
30 3750 1
30 986 1
30 1364 1
30 2950 1
30 2455 1
30 192 1
30 628 1
30 3363 1
30 1030 1
30 1218 1
30 3740 1
30 1131 1
29 298 11
29 2806 9
29 2431 4
29 3553 5
29 937 25
29 2523 3
29 1562 6
29 1773 1
29 569 9
29 794 8
29 3579 13
29 1275 2
29 1616 6
29 60 1
29 804 8
29 1669 3
29 3181 3
29 2918 1
29 3283 1
29 3550 1
29 163 1
29 3582 1
29 2234 2
29 1317 4
29 2457 1
29 3188 2
29 3639 1
29 3388 1
29 3335 1
29 1073 2
29 971 1
29 272 1
29 2285 1
29 2349 1
29 3471 4
29 2295 1
29 3690 2
29 887 26
29 1986 1
29 751 1
29 1037 1
29 1972 1
29 1208 1
29 1614 1
29 2482 2
29 471 2
29 3143 2
29 3533 2
29 2931 1
29 3022 1
29 1983 1
29 464 2
29 1428 3
29 3101 1
29 3446 1
29 3781 1
29 839 1
29 2154 1
29 354 1
29 2410 1
29 2208 3
29 663 2
29 1538 1
29 3184 7
29 2221 4
29 3455 9
29 832 1
29 71 1
29 3126 2
29 3644 1
29 1849 1
29 964 1
29 1026 2
29 2889 1
29 2803 1
29 1405 1
29 1118 1
29 2078 3
29 3111 1
29 3010 1
29 3079 1
29 2846 1
29 1704 1
29 194 1
29 2069 2
29 956 1
29 1533 1
29 114 1
29 300 1
29 1104 1
29 784 1
29 1749 1
29 1631 2
29 437 1
29 1355 1
29 328 2
29 2294 2
29 1571 2
29 3801 1
29 3648 1
29 3406 1
29 2951 1
29 61 1
29 2798 2
29 3651 1
29 2972 1
29 3611 2
29 521 2
29 3924 4
29 729 2
29 2605 1
29 1620 3
29 2896 7
29 925 5
29 3263 3
29 1438 1
29 1733 1
29 3190 7
29 1006 1
29 1583 1
29 2265 1
29 283 1
29 3176 1
29 30 1
29 1087 3
29 2794 3
29 2262 3
29 3081 1
29 2811 1
29 360 1
29 389 1
29 865 1
29 3086 1
29 574 1
29 3693 1
29 346 1
29 1957 1
29 1090 1
29 3638 2
29 2152 1
29 3501 1
29 1627 1
29 3797 1
29 2193 1
29 2626 1
29 2151 1
29 3700 1
29 3765 2
29 2165 4
29 870 2
29 1340 2
29 2919 1
29 2882 1
29 1333 4
29 3065 1
29 3571 1
29 3323 1
29 3355 3
29 3666 2
29 3908 1
29 2173 2
29 1516 1
29 3617 2
29 3027 1
29 2083 4
29 3349 1
29 2808 1
29 1342 1
29 3868 2
29 3969 1
29 352 1
29 2358 1
29 1368 1
29 3246 1
29 1573 1
29 589 3
29 3060 1
29 1619 1
29 1415 1
29 1011 1
29 3204 1
29 559 1
29 175 1
29 2064 2
29 2540 1
29 2506 1
29 3789 1
29 2090 1
29 885 2
29 2957 1
29 3565 1
29 142 2
29 3840 1
29 432 1
29 2787 1
29 3839 1
29 1866 1
29 2676 1
29 3943 6
29 3055 1
29 315 1
29 2680 1
29 1430 2
29 1341 1
29 3500 1
29 1434 1
29 1760 2
29 665 4
29 3535 2
29 2438 1
29 957 2
29 3133 2
29 1338 1
29 1872 1
29 770 1
29 1883 1
29 795 3
29 3310 4
29 1709 1
29 603 1
29 883 1
29 2406 1
29 3814 1
29 655 2
29 2733 1
29 3357 1
29 1595 1
29 2830 1
29 3328 4
29 673 1
29 1202 1
29 979 1
29 2403 1
29 1084 1
29 2321 1
29 2282 1
29 2189 1
29 772 1
29 1443 1
29 3963 1
29 1423 1
29 2424 1
29 2991 1
29 3926 1
29 3280 1
29 2928 1
29 1905 1
29 701 1
29 1465 1
29 1007 1
29 3464 1
29 2789 1
29 697 1
29 288 1
29 3353 1
29 743 1
29 2903 1
29 2094 1
29 1831 1
29 1633 1
29 3594 1
29 3402 1
29 2782 2
29 146 1
29 1673 1
29 78 1
29 1268 1
29 2850 1
29 2082 1
29 1233 1
29 2655 1
29 3358 1
29 3265 1
29 2909 1
29 1815 1
29 3048 1
29 3287 1
29 1979 1
29 692 2
29 568 1
29 920 1
29 1426 1
29 3258 1
29 2041 1
29 771 1
29 3067 1
29 3210 1
29 3596 1
29 1731 1
29 1774 2
29 2979 1
29 552 3
29 720 1
29 523 1
29 1469 1
29 617 1
29 239 1
29 2723 1
29 125 1
29 504 1
29 1093 1
29 460 1
29 3410 1
29 29 1
29 3165 1
29 533 1
29 3865 1
29 2897 1
29 135 1
28 879 1
28 3551 6
28 298 2
28 3471 2
28 917 1
28 1479 1
28 128 1
28 3579 2
28 1562 1
28 222 1
28 3868 1
28 2113 1
28 3209 1
28 1453 1
28 3281 1
28 1866 1
28 864 1
28 2087 1
28 964 2
28 1317 2
28 2216 1
28 1948 1
28 1812 1
28 3126 1
28 3355 1
28 729 1
28 2869 1
28 2294 1
28 2466 1
28 855 1
28 1388 1
28 1760 1
28 1039 1
28 3019 1
28 212 1
28 3120 1
28 2524 1
28 3841 1
28 3706 1
28 938 1
28 3932 1
28 3008 1
28 1616 1
28 1057 1
28 1729 1
28 3702 1
28 1325 1
28 2333 1
28 3751 1
28 3040 1
28 1177 1
28 1142 1
28 332 1
28 1533 1
28 1836 1
28 3611 1
28 2329 1
28 2350 1
28 711 1
28 2044 1
28 1704 1
28 3017 1
28 1080 1
28 11 1
27 967 11
27 2583 11
27 480 6
27 818 2
27 214 1
27 1653 1
27 2869 2
27 2234 1
27 648 1
27 2163 1
27 723 1
27 2983 2
27 879 2
27 3589 1
27 3476 1
27 1529 1
27 3382 1
27 1715 1
27 3909 1
27 1571 1
27 409 1
27 3321 1
27 378 1
27 1179 1
27 24 1
27 1580 1
27 129 2
27 3633 1
27 1739 3
27 948 2
27 2863 3
27 350 2
27 1233 2
27 2389 1
27 3490 1
27 578 1
27 1269 1
27 3003 1
27 2731 1
27 161 1
27 2083 1
27 3571 1
27 2324 1
27 761 1
27 1870 1
27 3957 2
27 3310 1
27 820 1
27 781 1
27 1067 2
27 1369 1
27 2390 2
27 925 1
27 696 1
27 3444 1
27 1388 1
27 2935 2
27 1858 1
27 3237 1
27 1143 1
27 2772 2
27 464 1
27 1479 1
27 3079 3
27 3244 1
27 832 1
27 3913 1
27 1528 1
27 3601 1
27 28 1
27 3123 1
27 2077 1
27 956 1
27 3833 1
27 136 1
27 1366 1
27 748 1
27 3535 1
27 3332 1
27 1320 1
27 460 1
27 3638 1
27 3450 2
27 2669 1
27 1391 1
27 2861 1
27 1836 1
27 3758 1
27 683 1
27 2884 1
27 1118 1
27 128 1
27 2846 1
27 773 1
27 2535 1
27 3893 1
27 637 1
27 1177 1
27 2740 1
27 688 2
27 3626 1
27 359 1
27 1483 1
27 3801 2
27 3122 1
27 3328 1
27 1431 1
27 1619 1
27 2803 1
27 384 1
27 3272 1
27 2676 1
27 3084 1
27 3941 1
27 555 1
27 3906 1
27 374 1
27 939 1
27 98 1
27 2329 1
27 79 1
26 879 13
26 1639 17
26 1036 2
26 298 1
26 3471 4
26 2756 1
26 2191 1
26 136 1
26 3719 4
26 3464 2
26 548 2
26 2451 1
26 3616 5
26 35 1
26 2336 2
26 731 2
26 2489 1
26 1803 2
26 562 1
26 2231 1
26 1073 2
26 1226 2
26 2136 2
26 3293 3
26 3407 2
26 1562 2
26 983 1
26 1583 1
26 3194 1
26 2803 1
26 1546 2
26 2907 1
26 865 3
26 3079 2
26 3393 2
26 1870 1
26 354 1
26 2030 3
26 3580 1
26 809 1
26 510 1
26 2448 2
26 3535 1
26 1761 1
26 2995 1
26 1760 2
26 156 2
26 2853 1
26 2660 1
26 3607 1
26 855 1
26 1388 2
26 1111 1
26 2846 2
26 114 1
26 717 3
26 861 1
26 197 1
26 383 1
26 1960 1
26 1380 1
26 1616 3
26 1001 1
26 685 2
26 2661 1
26 1500 1
26 164 1
26 2269 1
26 2319 1
26 3542 1
26 232 1
26 90 1
26 1055 1
26 533 1
26 657 1
26 3611 2
26 2810 1
26 2317 1
26 1573 1
26 2559 1
26 2910 1
26 824 1
26 3885 1
26 1251 1
26 1534 1
26 859 1
26 1532 1
26 1434 1
26 1942 1
26 2954 1
26 1328 1
26 876 1
26 3551 1
26 2454 1
26 3394 1
26 2396 1
26 2018 1
26 61 1
26 1195 1
26 2578 1
26 1433 1
26 747 1
26 464 2
26 1705 1
26 526 1
26 2978 1
26 2829 1
26 3579 2
26 2726 1
26 1542 1
26 3763 1
26 360 2
26 2563 1
26 1064 1
26 2065 1
26 2658 1
26 3002 1
26 844 1
26 297 1
26 2013 1
26 2185 1
26 1479 1
26 1031 1
26 2462 1
26 2687 1
26 3055 1
26 538 1
26 3434 1
26 2301 1
26 3843 1
26 2282 1
26 119 1
26 200 1
26 894 1
26 1904 1
26 449 1
26 211 1
25 589 7
25 298 6
25 2806 6
25 3464 3
25 1584 2
25 3190 8
25 2676 2
25 3943 8
25 2407 1
25 2162 2
25 3253 1
25 315 5
25 2140 2
25 1341 2
25 2896 3
25 2060 2
25 2892 2
25 2621 3
25 1562 2
25 825 1
25 66 1
25 2824 1
25 605 1
25 3951 1
25 934 1
25 3451 1
25 3634 1
25 3522 1
25 2918 1
25 3283 1
25 887 10
25 360 3
25 1662 1
25 1150 1
25 794 1
25 3455 1
25 1104 1
25 33 1
25 3060 4
25 665 4
25 2030 1
25 860 1
25 1082 2
25 3202 1
25 2744 1
25 836 2
25 903 2
25 110 2
25 2154 2
25 3450 1
25 679 1
25 1333 2
25 752 1
25 3187 1
25 1557 1
25 1465 2
25 1026 1
25 1192 1
25 2103 1
25 3500 1
25 2516 1
25 2497 1
25 2882 1
25 939 1
25 454 1
25 1760 1
25 3606 1
25 3367 1
25 957 1
25 2861 1
25 3611 2
25 3875 1
25 3535 1
25 2438 1
25 1106 1
25 3133 2
25 464 1
25 3176 1
25 3079 2
25 2936 1
25 3471 2
25 1308 1
25 1866 1
25 3578 1
25 1084 1
25 2282 1
25 3638 1
25 2152 1
25 2156 1
25 1616 3
25 1125 1
25 879 2
25 1195 1
25 2362 1
25 229 1
25 1595 2
25 3045 1
25 3099 1
25 216 1
25 795 3
25 2564 2
25 156 2
25 569 3
25 646 1
25 1443 1
25 1524 2
25 318 1
25 1689 1
25 1319 1
25 2883 2
25 1486 2
25 3694 1
25 1534 1
25 3482 1
25 1943 1
25 925 1
25 2738 1
25 2640 1
25 384 1
25 3328 1
25 108 1
25 2428 1
25 300 1
25 1310 1
25 170 1
25 1899 1
25 804 1
25 2131 1
25 2895 1
25 720 1
25 937 1
25 1619 1
25 263 1
25 1952 1
25 3340 1
25 697 1
25 3137 1
25 2296 1
25 3335 1
25 2846 1
25 568 1
25 2478 1
25 285 1
25 1581 1
25 2338 1
25 3579 1
25 1161 2
25 2262 1
25 2083 1
25 656 1
25 1011 1
25 3204 1
25 1326 1
25 2550 1
25 2008 1
25 499 1
25 2452 1
25 2207 1
25 3244 1
25 3403 1
25 3286 1
25 2287 1
25 1185 1
25 3913 1
25 2969 1
25 1743 1
25 2798 1
25 2279 1
25 1657 1
25 1797 1
25 3585 1
25 3181 1
25 1892 1
25 3818 1
25 2582 1
24 1252 7
24 1611 6
24 549 6
24 3643 12
24 1114 1
24 1027 1
24 374 1
24 939 1
24 879 3
24 1546 1
24 438 1
24 2993 1
24 804 3
24 464 1
24 3551 9
24 1275 1
24 2798 1
24 3320 1
24 3599 1
24 3975 4
24 210 1
24 3367 4
24 476 1
24 2151 1
24 1631 1
24 361 2
24 1532 1
24 1831 1
24 1036 1
24 3857 1
24 751 1
24 1972 1
24 2091 1
24 1388 1
24 354 1
24 274 1
24 233 2
24 3613 1
24 230 1
24 3239 1
24 2635 1
24 1609 1
24 531 1
24 152 1
24 2584 1
24 899 2
24 3506 1
24 1629 1
24 3163 3
24 1845 1
24 136 4
24 1735 4
24 659 1
24 1475 1
24 864 1
24 949 1
24 3607 2
24 3406 3
24 2662 3
24 2810 2
24 1989 1
24 3930 1
24 122 1
24 465 1
24 3232 1
24 2083 1
24 1311 1
24 1858 1
24 925 1
24 2837 1
24 2125 1
24 964 2
24 972 1
24 1033 1
24 1953 2
24 2858 2
24 2159 1
24 3750 2
24 34 1
24 2422 1
24 1306 2
24 992 1
24 1980 1
24 1034 1
24 215 2
24 220 2
24 3716 1
24 606 1
24 156 1
24 3605 2
24 3491 2
24 1196 1
24 3809 1
24 1695 2
24 2235 1
24 2961 3
24 3388 1
24 1053 1
24 1147 1
24 2064 1
24 1000 1
24 175 1
24 3107 1
24 983 1
24 1706 1
24 567 1
24 1822 3
24 1914 1
24 2454 1
24 3068 2
24 363 1
24 663 1
24 1381 1
24 534 1
24 1343 1
24 1948 1
24 1552 1
24 3497 1
24 2325 1
24 1861 1
24 2861 1
24 1285 2
24 2679 1
24 3644 1
24 77 1
24 621 1
24 3836 1
24 1177 1
24 862 1
24 1829 1
24 1557 2
24 2878 1
24 3411 1
24 2425 1
24 2023 1
24 1222 1
24 2000 1
24 1098 1
24 626 1
24 701 1
24 124 1
24 1064 1
24 1780 1
24 3910 2
24 1538 1
24 3924 1
24 469 1
24 717 1
24 72 1
24 158 1
24 1583 1
24 3611 1
24 1393 1
24 3328 2
24 1257 1
24 1870 2
24 1585 1
24 1918 1
24 637 1
24 3676 1
24 3608 1
24 1195 1
24 109 1
24 3874 1
24 1905 1
24 1412 1
24 3407 1
24 3430 1
24 1562 1
24 127 1
24 1887 1
24 1328 1
24 2969 1
24 2787 1
24 507 1
23 2473 9
23 755 6
23 2214 4
23 2803 1
23 298 4
23 3471 4
23 860 1
23 2846 2
23 568 1
23 2696 3
23 2029 1
23 2811 1
23 1231 1
23 2927 1
23 3621 2
23 120 1
23 879 4
23 2783 1
23 171 1
23 752 3
23 460 3
23 2979 3
23 1562 1
23 2676 2
23 3328 5
23 964 1
23 1842 4
23 2888 1
23 1111 1
23 953 1
23 3844 1
23 920 1
23 2685 1
23 3296 1
23 3651 1
23 3763 4
23 342 1
23 795 1
23 2405 1
23 1478 1
23 692 1
23 1212 1
23 2863 3
23 769 1
23 3579 1
23 20 2
23 414 1
23 42 1
23 3814 1
23 937 3
23 867 2
23 2614 1
23 3490 1
23 1993 1
23 696 1
23 3868 1
23 218 1
23 3105 1
23 600 1
23 121 1
23 3757 1
23 761 1
23 1761 1
23 1104 4
23 1728 1
23 2964 1
23 1077 1
23 2459 2
23 1895 1
23 3611 2
23 1357 1
23 73 1
23 1609 1
23 3006 2
23 3229 1
23 1583 1
23 1642 1
23 770 1
23 403 1
23 2388 1
23 774 1
23 968 1
23 334 1
23 1322 1
23 3791 1
23 2173 1
23 2522 1
23 2895 1
23 2231 1
23 2837 1
23 2444 1
23 2083 1
23 1516 1
23 2205 1
23 804 2
23 2882 1
23 2578 1
23 3341 1
23 1425 1
23 3645 1
23 278 1
23 3015 1
23 3942 1
23 2792 1
23 925 1
23 3789 1
23 3974 1
23 1950 1
23 2753 1
23 2877 1
22 3708 11
22 1546 2
22 627 2
22 896 5
22 3049 2
22 3328 2
22 3534 3
22 1799 2
22 3907 11
22 3079 1
22 3639 3
22 554 1
22 1612 9
22 1346 1
22 1442 1
22 1917 1
22 1929 1
22 3202 2
22 1020 4
22 2318 1
22 2835 1
22 3603 1
22 1190 1
22 892 3
22 1857 1
22 2980 1
22 956 1
22 776 1
22 347 1
22 2136 1
22 2998 2
22 2553 1
22 677 1
22 2564 1
22 241 1
22 1111 2
22 1069 1
22 3796 1
22 1327 1
22 2882 2
22 3500 2
22 3535 1
22 901 1
22 2933 2
22 1874 1
22 2977 1
22 1212 1
22 1311 4
22 1496 2
22 3096 1
22 2708 1
22 3451 2
22 879 4
22 624 1
22 855 1
22 1388 1
22 1986 1
22 2836 1
22 505 2
22 2801 1
22 3890 1
22 1072 1
22 1573 3
22 1534 1
22 1616 5
22 3579 3
22 1057 1
22 1695 1
22 2166 1
22 3800 1
22 3953 1
22 2526 3
22 3875 1
22 873 1
22 3420 1
22 1715 1
22 2810 1
22 1471 1
22 34 2
22 972 2
22 1479 1
22 3732 2
22 1340 1
22 2981 1
22 419 2
22 2116 1
22 3572 1
22 2610 1
22 3013 1
22 1368 1
22 2015 1
22 1759 1
22 1228 1
22 87 2
22 3204 2
22 2313 1
22 3460 1
22 3318 2
22 1871 2
22 1743 1
22 282 1
22 3924 4
22 1622 1
22 1894 1
22 1288 1
22 937 4
22 3041 1
22 3789 2
22 829 1
22 410 1
22 3868 1
22 2194 1
22 2923 1
22 3913 1
22 3310 1
22 3839 1
22 1085 1
22 3243 1
22 1443 1
22 2438 1
22 913 1
22 1110 1
22 2266 1
22 1349 1
22 3822 1
22 1222 1
22 506 1
22 2699 2
22 60 1
22 1619 1
22 3611 1
22 2938 1
22 3921 1
22 3560 2
22 939 1
22 1763 1
22 464 2
22 1922 1
22 2396 1
22 2533 1
22 2623 1
22 2701 1
22 2056 1
22 2967 1
22 2666 1
22 2547 1
22 1410 2
22 2093 1
22 1333 1
22 2272 1
22 2953 1
22 3143 1
22 804 1
22 2286 1
22 3222 1
22 927 1
22 1555 1
22 2638 1
22 1384 1
22 1026 1
22 3661 1
22 2871 1
22 2909 1
22 3287 1
22 985 1
22 865 1
22 547 1
22 1017 2
22 1088 1
22 581 1
22 217 1
22 2684 1
22 633 1
22 2824 1
22 3958 1
22 1998 1
22 360 3
22 634 2
22 3514 1
22 2204 3
22 1892 1
22 1209 1
22 2005 1
22 1552 1
22 820 1
22 3239 1
22 1864 1
22 3170 3
22 64 1
22 329 1
22 2455 1
22 111 1
22 649 1
22 1629 1
22 429 1
22 950 1
22 2512 1
22 3963 1
22 983 1
22 290 1
22 475 1
22 2820 1
22 3164 1
22 3115 1
22 3612 1
22 3971 1
22 2825 1
22 3561 1
22 685 1
22 656 1
22 795 1
22 3093 1
22 2852 1
22 2656 1
22 156 1
22 1424 1
22 964 1
22 2787 1
22 3267 1
22 694 1
22 1911 1
22 987 1
22 954 1
22 3688 1
22 2333 1
22 1680 1
22 2995 1
22 3189 1
22 2798 1
22 2791 1
22 1618 1
22 2886 1
22 620 1
22 3820 1
22 3965 1
22 1016 1
21 3636 6
21 3282 8
21 464 4
21 877 2
21 3551 7
21 298 2
21 3471 3
21 688 2
21 2740 1
21 1592 1
21 3963 1
21 2794 1
21 2205 1
21 1910 3
21 3717 6
21 3203 2
21 1177 1
21 1142 4
21 2333 1
21 1704 1
21 3814 1
21 3470 1
21 1279 1
21 2459 1
21 1752 1
21 1916 2
21 1080 1
21 11 1
21 2095 1
21 2224 1
21 327 1
21 2624 1
21 178 1
21 1562 4
21 3626 2
21 3449 1
21 2518 1
21 426 1
21 1660 3
21 414 1
21 2543 1
21 1519 1
21 2054 1
21 285 1
21 3497 3
21 442 1
21 3169 1
21 1004 1
21 114 2
21 2895 1
21 879 2
21 1064 1
21 2506 1
21 2677 1
21 966 1
21 2901 1
21 106 1
21 330 1
21 1662 3
21 1779 1
21 3257 3
21 1760 3
21 2105 1
21 681 1
21 18 2
21 1714 1
21 1426 1
21 46 1
21 1619 1
21 0 1
21 2827 2
21 3766 1
21 2329 3
21 1009 1
21 2447 1
21 2294 1
21 3219 1
21 3575 1
21 1930 1
21 1458 1
21 1134 1
21 815 1
21 1202 2
21 3079 1
21 3734 1
21 3459 1
21 3413 1
21 2576 1
21 1045 1
21 256 1
21 2212 1
21 3528 1
21 2559 1
21 939 3
21 2792 1
21 651 1
21 1388 1
21 2315 1
21 2280 1
21 925 2
21 2702 1
21 452 1
21 2664 1
21 522 1
21 3472 1
21 3311 1
21 291 1
21 2049 1
21 1725 1
21 487 1
21 3210 1
21 3921 1
21 3704 1
21 892 1
21 1928 1
21 488 1
21 206 1
21 1859 1
21 2463 1
21 1486 1
21 3517 1
21 23 1
21 136 1
21 1735 1
21 497 1
21 2057 1
21 1518 1
21 1682 1
21 1031 1
21 61 1
21 1275 1
21 2798 1
21 1900 1
21 3900 1
21 2390 1
21 1114 1
21 3857 1
21 254 1
21 1739 1
21 3957 1
21 3790 1
21 3255 1
21 2808 1
21 1376 1
21 2730 2
21 2003 1
21 1027 1
21 144 1
21 1635 1
21 3458 1
21 1271 1
21 3515 1
21 2810 1
21 547 1
21 2635 1
21 3724 1
21 3651 1
21 3355 1
21 1948 1
21 521 1
21 3549 1
21 1685 1
21 958 1
21 3789 1
21 1695 1
21 2584 1
21 1445 1
21 3056 1
20 3377 4
20 3949 2
20 891 2
20 3661 5
20 3802 1
20 709 1
20 146 5
20 288 1
20 3763 2
20 775 7
20 427 2
20 2154 2
20 2076 3
20 2030 2
20 480 2
20 2913 1
20 3149 1
20 3916 4
20 3196 1
20 3772 1
20 1905 1
20 1950 1
20 3122 1
20 1434 5
20 2184 1
20 3478 1
20 2618 1
20 1688 5
20 2897 4
20 3014 4
20 1525 4
20 1090 3
20 1661 1
20 3690 3
20 2523 2
20 776 1
20 2222 1
20 1220 1
20 1608 1
20 1662 3
20 2846 4
20 1233 1
20 3511 1
20 1880 1
20 2095 1
20 2309 6
20 2570 1
20 983 1
20 635 3
20 867 3
20 1317 3
20 1753 2
20 101 1
20 311 1
20 2231 1
20 3833 1
20 838 1
20 3789 1
20 2578 2
20 3601 1
20 234 1
20 3062 1
20 66 2
20 2144 1
20 1202 2
20 2282 2
20 2869 2
20 3945 1
20 2284 1
20 2484 1
20 879 1
20 567 1
20 1379 1
20 571 1
20 1717 1
20 3049 1
20 971 1
20 1561 1
20 3959 2
20 1630 1
20 871 1
20 1073 1
20 3911 1
20 1562 1
20 3386 1
20 1843 1
20 865 1
20 1234 1
20 3143 1
20 2640 1
20 769 1
20 3611 2
20 3262 2
20 3067 3
20 3977 1
20 2630 1
20 1532 1
20 2621 2
20 1983 1
20 568 1
20 3367 1
20 3259 1
20 929 1
20 3976 2
20 3163 3
20 3018 2
20 600 1
20 2670 1
20 2041 1
20 925 2
20 363 1
20 1427 4
20 473 4
20 156 1
20 1531 1
20 360 1
20 2872 1
20 3535 1
20 223 1
20 1331 1
20 2728 2
20 748 2
20 2507 1
20 3846 1
20 87 1
20 2117 1
20 1188 1
20 2346 1
20 2972 1
20 1281 1
20 2803 1
20 3320 1
20 2120 1
20 464 1
20 3342 1
20 841 1
20 1083 1
20 2356 1
20 3055 1
20 1239 2
20 110 1
20 935 1
20 1515 1
20 1058 1
20 3573 1
19 1732 11
19 3808 1
19 455 17
19 3337 2
19 1331 3
19 1622 1
19 2582 3
19 999 1
19 382 2
19 94 1
19 892 2
19 1066 1
19 3919 1
19 1894 1
19 1012 2
19 3047 1
19 978 4
19 1797 2
19 3301 3
19 429 2
19 1876 2
19 2126 1
19 2930 4
19 3064 2
19 3328 6
19 2798 2
19 587 3
19 3690 6
19 2007 9
19 1358 1
19 748 2
19 3441 2
19 228 2
19 29 6
19 3273 2
19 3976 6
19 2125 1
19 2581 1
19 2047 2
19 2173 5
19 2836 1
19 139 1
19 1159 2
19 2639 11
19 3011 2
19 42 1
19 3219 2
19 260 1
19 3168 1
19 1228 1
19 3112 4
19 1884 1
19 3907 1
19 3906 2
19 3042 1
19 804 4
19 3961 1
19 3181 1
19 1111 2
19 7 1
19 3293 2
19 2031 3
19 1994 3
19 3868 2
19 3253 1
19 1670 2
19 596 3
19 1727 4
19 3681 5
19 403 4
19 1298 1
19 2512 1
19 1194 1
19 2533 1
19 1323 1
19 3590 2
19 118 1
19 3813 1
19 989 1
19 1367 1
19 821 1
19 1190 2
19 964 1
19 3656 1
19 1088 1
19 2772 1
19 420 3
19 2953 1
19 82 1
19 3965 1
19 2796 4
19 360 1
19 691 2
19 2231 1
19 179 1
19 1883 2
19 3579 1
19 2004 1
19 1716 1
19 865 2
19 1956 1
19 1533 2
19 3904 3
19 3518 2
19 66 3
19 2515 1
19 3024 1
19 2531 2
19 2388 2
19 3495 1
19 2653 3
19 1538 1
19 1573 1
19 3935 2
19 3619 3
19 2365 3
19 1477 1
19 2382 1
19 1599 1
19 2332 1
19 432 2
19 288 1
19 1236 1
19 1540 1
19 2481 1
19 1468 1
19 3275 1
19 776 2
19 614 2
19 1984 5
19 458 1
19 2136 1
19 2866 1
19 2055 1
19 2900 1
19 1870 1
19 452 3
19 202 1
19 2134 1
19 3788 1
19 3443 2
19 664 1
19 3562 1
19 1350 1
19 3391 2
19 259 2
19 2090 1
19 3670 1
19 553 1
19 2846 3
19 1460 1
19 3159 1
19 3709 3
19 1987 2
19 2741 1
19 2096 1
19 879 2
19 1895 1
19 2088 1
19 3206 1
19 1872 1
19 2001 1
19 2062 1
19 3969 1
19 585 1
19 1011 1
19 1470 1
19 1730 1
19 2183 1
19 210 1
19 1093 1
19 2797 1
19 2675 1
19 2069 1
19 1173 2
19 2019 1
19 1430 1
19 1750 1
19 162 1
19 3899 1
19 3535 1
19 198 2
19 1104 1
19 3187 1
19 3611 1
19 3343 1
19 3502 1
19 1506 1
19 2011 1
19 2979 1
19 2787 1
19 3048 1
19 1837 1
19 1158 1
19 298 1
19 3471 1
19 2204 2
19 489 1
19 2314 1
19 3490 1
19 3905 1
19 1905 2
19 925 1
19 1879 2
19 2925 1
19 2147 1
19 2873 1
19 3646 1
19 2826 1
19 3417 1
19 13 1
19 941 1
19 2061 1
19 3163 1
19 3122 1
19 1299 1
19 701 1
19 244 1
19 2073 1
19 703 1
19 3227 1
19 1196 1
19 3783 1
19 3528 1
19 188 1
19 1328 1
19 3879 1
19 1118 2
19 464 1
19 1545 1
19 606 1
18 2768 6
18 2914 14
18 1190 2
18 583 2
18 151 2
18 1965 2
18 188 1
18 3407 1
18 1870 1
18 3328 3
18 626 1
18 3579 5
18 732 2
18 2523 1
18 1562 2
18 1741 4
18 122 1
18 825 3
18 3868 4
18 1649 2
18 3403 3
18 870 8
18 3392 1
18 144 1
18 1760 3
18 3976 4
18 3388 3
18 2925 1
18 3595 1
18 2798 6
18 3025 1
18 717 1
18 3486 1
18 2616 1
18 707 1
18 1368 3
18 3069 1
18 3483 1
18 889 1
18 92 1
18 3808 1
18 1569 1
18 198 2
18 553 1
18 337 1
18 2016 1
18 966 1
18 3681 1
18 2047 1
18 3367 2
18 888 1
18 2402 1
18 3809 3
18 3101 1
18 2125 1
18 464 1
18 37 1
18 2734 1
18 2882 1
18 3006 1
18 2979 3
18 839 1
18 2146 1
18 1695 1
18 2590 1
18 396 1
18 3658 1
18 3124 1
18 2538 1
18 2958 1
18 3779 2
18 3504 1
18 1647 1
18 1567 1
18 1890 2
18 429 1
18 3940 1
18 919 2
18 1110 1
18 1111 1
18 34 1
18 2295 1
18 3795 1
18 865 1
18 382 1
18 1108 1
18 1279 1
18 1710 1
18 2644 1
18 932 1
18 2516 1
18 3275 1
18 61 1
18 3901 2
18 3477 1
18 1687 1
18 208 1
18 397 1
18 915 1
18 3917 1
18 1387 1
18 2995 1
18 2844 1
18 1426 1
18 3253 1
18 298 1
18 3471 1
18 1616 2
18 1057 1
18 1532 1
18 1794 1
18 363 1
18 3238 1
18 634 1
18 3287 4
18 1030 1
18 384 1
18 3135 1
18 1873 1
18 879 2
18 3551 1
18 2465 1
18 2771 1
18 2329 1
18 452 1
18 1972 2
18 2846 3
18 1010 1
18 2863 1
18 566 1
18 2190 1
18 3932 2
18 1489 1
18 2165 3
18 1583 1
18 495 1
18 201 1
18 2423 1
18 1249 1
18 1011 1
18 2358 1
18 2347 1
18 1699 1
18 157 1
18 354 1
18 701 1
18 1633 1
18 435 1
18 2396 1
18 3563 1
18 3611 1
18 3408 1
18 813 2
18 1701 1
18 2159 1
18 3788 1
18 2341 1
18 739 1
18 1282 1
18 1527 1
18 1471 1
18 1385 1
18 1988 1
18 1117 1
18 2972 1
18 1166 5
18 983 1
18 418 1
18 2346 2
18 1256 2
18 2927 1
18 3211 3
18 406 1
18 3490 1
18 1153 1
18 892 1
18 3814 1
18 1411 1
18 2262 1
18 2503 2
18 66 1
18 2444 2
18 316 1
18 617 1
18 1774 1
18 2078 1
18 1234 2
18 1079 1
18 210 2
18 72 1
18 1674 1
18 964 2
18 990 1
18 3180 1
18 3369 1
18 925 1
18 426 2
18 1334 1
18 82 1
18 2149 1
18 2861 1
18 3231 1
18 3308 2
18 2703 1
18 1494 1
18 659 1
18 694 1
18 1934 1
18 1619 1
18 28 1
18 3035 1
18 3652 1
18 3906 1
18 851 1
18 3789 1
18 1557 1
18 2327 1
18 1761 1
18 2629 1
18 1171 1
18 682 1
18 1817 1
18 1587 2
18 3766 1
18 2689 1
18 1188 1
18 3426 1
18 2254 1
18 1509 1
18 3033 2
18 3057 2
18 2111 1
18 3152 1
18 47 1
18 654 1
18 1434 1
18 146 1
17 1649 20
17 2710 11
17 3435 1
17 3308 5
17 925 7
17 521 2
17 1863 2
17 2371 1
17 825 1
17 146 19
17 2964 1
17 1513 5
17 1856 3
17 1933 4
17 1509 4
17 1533 3
17 2798 2
17 1920 1
17 2736 1
17 1019 4
17 857 3
17 1557 3
17 2404 1
17 95 1
17 2691 1
17 2998 1
17 448 1
17 1675 1
17 2953 3
17 211 8
17 3625 2
17 3941 1
17 2283 1
17 3147 1
17 3668 1
17 2819 1
17 814 1
17 2388 1
17 1965 1
17 1390 1
17 993 1
17 826 2
17 1323 1
17 3465 1
17 1816 1
17 1610 2
17 3478 1
17 1334 2
17 2154 3
17 3277 1
17 1778 1
17 865 7
17 2799 3
17 3163 2
17 3034 1
17 2638 1
17 2898 1
17 2076 1
17 363 1
17 3928 2
17 2345 3
17 3261 1
17 1583 2
17 1328 1
17 1760 1
17 270 1
17 3508 1
17 1966 2
17 1717 3
17 1835 1
17 2000 1
17 93 2
17 199 1
17 571 1
17 2346 4
17 1275 2
17 2049 4
17 2448 1
17 1317 3
17 964 2
17 1171 1
17 1115 2
17 194 5
17 1587 5
17 3671 3
17 1554 1
17 3100 3
17 1166 6
17 1411 1
17 1531 1
17 1063 3
17 2254 1
17 2199 3
17 1220 1
17 2111 1
17 3916 7
17 365 2
17 3217 3
17 3426 1
17 2932 1
17 2987 1
17 2195 2
17 894 2
17 1905 1
17 3199 2
17 2280 1
17 2890 2
17 2895 1
17 3888 1
17 1969 1
17 2707 1
17 1895 1
17 2266 2
17 2477 2
17 3386 1
17 3268 1
17 1690 1
17 2935 2
17 2787 1
17 584 3
17 3727 1
17 1122 1
17 2784 1
17 513 1
17 201 1
17 654 1
17 1434 1
17 3196 3
17 2704 1
17 3601 2
17 1480 1
17 3289 1
17 1954 1
17 3749 1
17 1991 1
17 1102 1
17 2121 2
17 1946 1
17 3766 2
17 2649 1
17 3825 6
17 2286 2
17 1934 2
17 2900 1
17 1870 2
17 3418 1
17 1359 1
17 1441 1
17 1661 2
17 389 1
17 1502 1
17 500 1
17 2184 1
17 2603 1
17 163 1
17 3674 2
17 3191 2
17 1735 2
17 1995 1
17 66 1
17 3974 1
17 1744 1
17 1398 1
17 3114 1
17 1839 1
17 1335 3
17 891 1
17 635 2
17 3463 1
17 283 1
17 1620 1
17 61 1
17 2171 3
17 1284 1
17 1186 1
17 1104 1
17 1008 1
17 3911 1
17 2846 1
17 2104 1
17 2982 2
17 572 1
17 1893 1
17 3055 1
17 694 1
17 799 1
17 2179 1
17 2078 1
17 2142 1
17 2174 1
17 984 1
17 2434 1
17 74 1
17 3044 1
16 3665 29
16 1653 1
16 1862 4
16 734 1
16 3579 2
16 335 1
16 568 5
16 3611 8
16 1890 4
16 1889 1
16 3535 1
16 901 1
16 3916 1
16 1546 1
16 2798 2
16 1662 2
16 3956 5
16 416 3
16 3609 1
16 3150 2
16 2742 1
16 146 5
16 3681 3
16 360 2
16 24 1
16 1766 1
16 3262 4
16 3499 1
16 3097 2
16 3802 1
16 724 1
16 1194 1
16 663 3
16 1510 1
16 1210 1
16 1940 1
16 1743 2
16 2926 1
16 2846 1
16 3764 1
16 1166 1
16 1490 3
16 1983 1
16 2630 3
16 3067 1
16 3695 1
16 1532 1
16 1562 4
16 3462 1
16 3367 1
16 2392 1
16 2621 2
16 775 1
16 3277 3
16 1188 3
16 1834 1
16 3143 2
16 3358 2
16 1328 3
16 3649 1
16 3378 1
16 2627 1
16 1298 2
16 2480 1
16 2473 1
16 3400 1
16 2139 1
16 2168 1
16 1760 1
16 640 1
16 1595 1
16 3088 1
16 2215 1
16 1754 1
16 242 1
16 2227 1
16 925 1
16 2074 1
16 2042 1
16 2268 2
16 956 2
16 2519 1
16 2067 1
16 1875 1
16 1471 1
16 2822 1
16 194 2
16 2400 1
16 3438 3
16 3931 1
16 3074 3
16 429 4
16 3194 2
16 1529 1
16 1513 2
16 2608 4
16 3814 3
16 2751 1
16 3947 1
16 2618 2
16 3754 1
16 3671 1
16 3450 2
16 683 3
16 2833 1
16 2737 1
16 2518 1
16 3388 1
16 1000 2
16 501 1
16 3976 3
16 1430 1
16 1622 1
16 3204 2
16 1021 1
16 1870 1
16 2246 1
16 3686 1
16 770 2
16 94 1
16 1583 2
16 2717 2
16 900 4
16 3322 1
16 2628 1
16 3835 1
16 3403 1
16 2421 2
16 835 1
16 635 1
16 3064 2
16 422 2
16 79 1
16 380 3
16 1836 1
16 1349 1
16 1479 1
16 2359 1
16 2722 2
16 3627 2
16 156 2
16 3823 1
16 153 1
16 3200 1
16 431 1
16 2250 1
16 3419 2
16 2763 1
16 48 2
16 2219 2
16 823 1
16 3815 1
16 2300 1
16 3417 1
16 3483 1
16 1360 2
16 53 2
16 1460 1
16 3495 1
16 2832 2
16 3201 1
16 1905 3
16 2092 1
16 1878 1
16 2231 1
16 2879 1
16 2459 1
16 2803 1
16 3522 1
16 3188 1
16 1573 1
16 2632 1
16 2862 1
16 3785 1
16 3500 1
16 1434 1
16 2676 2
16 1432 1
16 921 1
16 540 1
16 2020 1
16 2274 2
16 2882 1
16 101 2
16 235 3
16 2309 1
16 3613 1
16 3733 1
16 3602 1
16 66 2
16 3162 1
16 366 1
16 3716 2
16 287 1
16 2951 1
16 3824 2
16 3868 3
16 97 2
16 2160 1
16 1282 1
16 3398 2
16 277 1
16 749 1
16 973 1
16 1316 1
16 1137 1
16 275 1
16 3544 1
16 2416 1
16 3347 2
16 3566 1
16 3206 1
16 1932 1
16 1684 1
16 442 1
16 2859 1
16 3941 1
16 2282 1
16 2869 1
16 2037 1
16 3744 1
16 2049 2
16 1011 2
16 1701 1
16 1110 2
16 2622 1
16 2402 1
16 2336 1
16 1296 1
16 61 1
16 108 1
16 2355 1
16 68 1
16 1971 1
16 1100 1
16 2784 1
16 785 1
16 1264 1
16 880 1
16 2787 1
16 3331 1
16 3624 1
16 984 1
16 2770 1
16 3058 1
16 769 1
16 917 1
16 134 1
16 853 1
16 2236 1
16 2599 1
16 2505 1
16 3127 1
16 867 1
16 3642 1
15 84 21
15 3490 1
15 870 2
15 3640 1
15 3177 1
15 1879 1
15 2689 3
15 1562 1
15 825 3
15 1205 2
15 3403 1
15 432 4
15 66 2
15 2966 5
15 2935 6
15 1661 3
15 2918 1
15 194 5
15 794 1
15 3409 1
15 372 2
15 3214 1
15 2691 2
15 1976 1
15 3238 1
15 1965 1
15 905 1
15 3525 2
15 363 1
15 2237 1
15 1662 1
15 3873 1
15 2172 1
15 2950 1
15 2016 1
15 1201 1
15 2503 1
15 283 1
15 2917 1
15 1195 1
15 1760 2
15 113 6
15 2253 4
15 2421 5
15 567 1
15 2839 1
15 1279 1
15 1710 1
15 2644 1
15 932 1
15 788 2
15 2328 1
15 2964 1
15 663 2
15 3789 1
15 3627 2
15 2631 1
15 701 3
15 141 2
15 2882 2
15 3652 1
15 2747 1
15 1516 1
15 1583 1
15 215 2
15 3377 1
15 441 1
15 3843 1
15 0 2
15 1202 1
15 2835 1
15 1518 2
15 1576 1
15 2448 3
15 442 1
15 3621 2
15 422 1
15 2444 1
15 2618 1
15 2499 1
15 1331 2
15 3308 4
15 3868 3
15 3252 2
15 136 1
15 110 1
15 3253 1
15 2779 1
15 410 1
15 1774 1
15 404 1
15 160 1
15 1905 1
15 2468 1
15 3848 1
15 2521 1
15 572 1
15 3882 1
15 3546 1
15 3374 1
15 3658 1
15 2293 1
15 2254 1
15 3156 1
15 565 2
15 2089 1
15 481 1
15 3847 1
15 1317 1
15 927 1
15 2231 1
15 3436 1
15 1573 3
15 1984 1
15 3666 1
15 3716 1
15 1092 1
15 2895 1
15 925 1
15 313 1
15 2251 1
15 1104 2
15 1007 2
15 2862 1
15 2418 1
15 2979 1
15 1042 3
15 1413 1
15 1258 1
15 3268 1
15 704 1
15 2030 1
15 3187 1
15 3718 2
15 360 2
15 2674 1
15 987 1
15 2056 1
15 3369 1
15 337 1
15 3976 1
15 709 2
15 695 1
15 1301 1
15 143 1
15 1525 1
15 843 1
15 1531 1
15 288 1
15 776 1
15 1587 1
15 795 1
15 646 1
15 3616 1
15 2032 1
15 3122 2
15 1434 1
15 3373 2
15 1224 1
15 2286 1
15 2345 1
15 3916 2
15 3196 1
15 146 1
15 2871 1
15 511 1
15 984 1
15 3904 1
15 2368 1
15 3345 1
15 3855 1
15 39 1
15 769 1
15 3348 1
15 2965 1
15 1333 1
15 495 1
15 819 1
15 3891 1
14 3052 20
14 1555 1
14 156 1
14 2376 4
14 2846 7
14 2861 1
14 1652 1
14 3421 4
14 1262 1
14 2912 18
14 3674 1
14 865 2
14 1933 2
14 336 6
14 1736 3
14 3797 4
14 2924 3
14 1026 1
14 1562 5
14 2781 1
14 933 2
14 2486 1
14 66 3
14 339 2
14 3976 1
14 1883 4
14 1934 2
14 1971 2
14 204 1
14 750 2
14 394 4
14 2069 1
14 2453 1
14 2523 2
14 635 5
14 1950 1
14 3094 1
14 2242 1
14 2875 3
14 3036 3
14 2689 1
14 3308 2
14 3219 1
14 2608 1
14 1813 2
14 1667 3
14 2340 1
14 2228 1
14 3141 1
14 1339 1
14 3808 2
14 1681 1
14 3868 4
14 698 1
14 432 4
14 3651 2
14 2578 2
14 316 1
14 2786 1
14 1891 1
14 135 2
14 1826 1
14 3924 2
14 690 3
14 2339 1
14 2734 1
14 557 2
14 2897 3
14 3838 1
14 2006 1
14 3528 3
14 1986 2
14 1394 9
14 1290 16
14 3113 1
14 2154 1
14 450 3
14 571 1
14 1662 3
14 2735 2
14 718 1
14 1230 10
14 1576 1
14 1557 2
14 2327 1
14 520 1
14 2558 1
14 1214 2
14 1678 1
14 1019 2
14 1516 2
14 1044 6
14 2671 1
14 870 6
14 144 2
14 3403 5
14 1947 4
14 2356 1
14 2030 1
14 2446 8
14 1885 1
14 2979 3
14 481 1
14 1905 1
14 769 1
14 663 2
14 1328 1
14 3188 1
14 3694 2
14 331 1
14 409 1
14 550 1
14 2931 2
14 2076 2
14 3511 1
14 3855 3
14 2695 6
14 925 3
14 1573 4
14 2747 3
14 1014 2
14 2724 4
14 3749 1
14 1991 1
14 891 1
14 1191 1
14 521 1
14 1248 2
14 3213 1
14 593 1
14 1266 1
14 1028 1
14 3754 1
14 1789 1
14 3710 1
14 1892 1
14 464 1
14 3630 4
14 215 2
14 3484 1
14 898 1
14 3522 3
14 3225 1
14 2065 1
14 3596 1
14 2217 2
14 3049 2
14 1240 1
14 2987 1
14 1363 1
14 1587 3
14 2848 2
14 1568 1
14 1502 1
14 735 1
14 2188 1
14 296 1
14 2984 1
14 439 1
14 1626 3
14 2950 2
14 3027 2
14 714 1
14 2197 1
14 910 2
14 2646 1
14 1671 1
14 2031 1
14 3071 1
14 1756 1
14 2058 1
14 552 1
14 2494 1
14 1493 1
14 1011 2
14 1312 1
14 3379 1
14 1200 2
14 963 1
14 184 1
14 2896 1
14 1446 1
14 983 1
14 2252 1
14 223 1
14 2271 2
14 243 3
14 2745 1
14 1059 1
14 1313 1
14 1022 2
14 598 1
14 1661 2
14 3635 1
14 1220 1
14 2078 5
14 191 2
14 701 3
14 2767 1
14 611 2
14 3309 1
14 617 3
14 445 1
14 2867 2
14 303 2
14 150 2
14 3292 2
14 3624 1
14 579 1
14 376 1
14 937 1
14 3048 1
14 2139 1
14 930 2
14 468 3
14 1034 1
14 620 1
14 3854 1
14 3658 1
14 1065 1
14 3766 1
14 3789 1
14 936 1
14 2711 1
14 1261 1
14 3526 1
14 3972 1
14 2642 1
14 3960 1
14 2951 1
14 3539 1
14 2211 1
14 2243 1
14 3858 1
14 389 1
14 3508 1
14 1977 1
14 257 2
14 199 1
14 2363 2
14 3260 3
14 679 1
14 2075 1
14 429 1
14 237 1
14 483 1
14 3151 1
14 165 1
14 512 1
14 3386 1
14 334 1
14 3239 1
14 2368 1
14 2925 1
14 1092 1
14 830 1
14 2404 1
14 194 3
14 1413 1
14 508 1
14 3233 1
14 2718 1
14 1841 1
14 2618 1
14 3767 1
14 1694 1
14 313 1
14 1735 3
14 2261 1
14 1042 2
14 2777 1
14 227 1
14 2268 1
14 283 1
14 2111 1
14 1098 1
14 558 1
14 2638 1
14 2000 1
14 838 1
14 3922 1
14 980 2
14 48 1
14 762 1
14 2444 1
14 1030 1
14 3621 1
14 964 1
14 3170 1
14 2525 1
14 1434 1
14 2135 1
14 3490 1
14 3055 2
14 800 1
14 3264 2
14 1264 1
13 1764 11
13 687 7
13 1022 8
13 3511 4
13 1525 3
13 3855 5
13 2195 2
13 1339 3
13 2049 3
13 2710 3
13 1662 4
13 1317 1
13 1649 1
13 3052 8
13 921 1
13 95 1
13 966 1
13 2344 1
13 363 3
13 384 1
13 3611 1
13 3262 1
13 3163 4
13 2964 1
13 1349 1
13 1259 1
13 857 1
13 1683 2
13 3308 2
13 2798 2
13 44 1
13 3462 1
13 3766 1
13 2154 2
13 1066 4
13 2846 2
13 571 4
13 1216 1
13 763 1
13 1200 1
13 2982 10
13 3662 13
13 399 4
13 865 2
13 1583 7
13 2242 3
13 2150 2
13 1533 1
13 2282 5
13 3638 4
13 119 3
13 1483 1
13 2621 1
13 1509 1
13 925 3
13 1233 2
13 3916 2
13 2578 1
13 2277 2
13 66 1
13 673 1
13 1579 1
13 2099 2
13 3811 1
13 1090 1
13 2912 3
13 3962 2
13 1652 3
13 1610 1
13 1800 1
13 336 1
13 2453 1
13 394 1
13 2747 1
13 1694 1
13 1562 4
13 694 1
13 1883 1
13 2249 1
13 1002 1
13 3423 2
13 1971 1
13 2896 1
13 3690 2
13 452 1
13 2015 1
13 1267 1
13 3418 1
13 2356 1
13 2482 2
13 2895 1
13 464 1
13 2724 1
13 1401 3
13 21 1
13 3958 2
13 1190 2
13 3264 1
13 3427 2
13 524 1
13 2437 1
13 2101 1
13 2874 1
13 3976 2
13 2900 1
13 2268 1
13 3868 2
13 2924 3
13 1736 3
13 2494 2
13 3797 1
13 3367 1
13 3472 2
13 1879 1
13 1047 1
13 1042 2
13 804 1
13 3598 1
13 789 1
13 183 1
13 665 1
13 2695 2
13 2448 1
13 2490 2
13 3601 1
13 178 1
13 2985 1
13 3277 1
13 702 1
13 1760 2
13 2316 1
13 156 1
13 3635 1
13 265 1
13 701 1
13 311 1
13 1337 1
13 1573 2
13 276 1
13 145 1
13 3143 1
13 110 1
13 869 1
13 388 1
13 1099 1
13 2548 1
13 2979 1
13 2745 1
13 1394 1
13 3397 1
13 2696 1
13 1163 1
13 1774 1
13 1376 1
13 3907 2
13 3685 1
13 1472 1
13 1111 1
13 3324 1
13 3360 1
13 2639 1
13 2253 2
13 788 1
13 1407 1
13 1116 1
13 1518 1
13 998 1
13 1076 1
13 1476 2
13 160 1
13 2421 1
13 1661 1
13 2918 1
13 194 2
13 2787 1
13 3219 1
13 84 1
13 1479 1
13 991 1
13 1361 1
13 635 1
13 3141 1
13 663 1
13 3579 1
13 1330 2
13 1934 2
13 808 2
13 2441 1
13 1968 1
13 2501 1
13 3656 1
13 1802 1
13 1530 1
13 3911 1
13 2642 1
13 1862 2
13 322 1
13 3399 1
13 1867 1
13 1905 1
13 770 1
13 2871 1
13 2882 1
13 2818 1
12 1889 1
12 1546 4
12 146 15
12 3802 3
12 3976 3
12 709 1
12 695 1
12 3018 2
12 127 1
12 2841 1
12 425 3
12 1878 1
12 3146 1
12 770 1
12 288 1
12 3763 1
12 3445 4
12 3868 8
12 2964 1
12 2798 8
12 1568 1
12 2219 8
12 1862 8
12 1890 5
12 683 2
12 917 3
12 3019 4
12 675 1
12 3736 2
12 1786 2
12 759 1
12 2470 4
12 3611 18
12 3262 14
12 1905 1
12 490 1
12 2320 1
12 3331 3
12 2799 1
12 3625 2
12 2505 3
12 3814 2
12 1652 1
12 2035 1
12 1076 1
12 3342 3
12 3308 1
12 3211 5
12 3386 1
12 365 1
12 156 2
12 2861 1
12 921 1
12 1933 1
12 3677 1
12 1683 1
12 405 1
12 865 2
12 1488 1
12 168 2
12 1525 5
12 1662 4
12 1666 1
12 44 1
12 1688 1
12 3206 2
12 3160 1
12 1328 2
12 1509 1
12 460 2
12 3143 3
12 343 2
12 617 2
12 3075 4
12 984 4
12 2926 1
12 2486 2
12 3496 2
12 2867 1
12 956 1
12 1352 3
12 407 2
12 3653 3
12 2702 1
12 1743 4
12 3916 3
12 2062 3
12 2476 1
12 1836 2
12 1975 1
12 3771 2
12 568 11
12 1760 6
12 1798 2
12 2298 1
12 221 1
12 1190 6
12 3940 1
12 427 4
12 2810 2
12 3297 1
12 786 1
12 2049 1
12 3535 2
12 2972 4
12 2091 1
12 1301 1
12 1175 1
12 3438 5
12 3747 1
12 722 2
12 1490 11
12 2444 1
12 1471 2
12 1011 6
12 1298 1
12 3367 9
12 3004 1
12 966 3
12 775 4
12 2337 1
12 1219 5
12 416 20
12 2048 2
12 724 1
12 339 1
12 1645 2
12 2617 2
12 728 1
12 57 1
12 3915 1
12 1784 1
12 1484 1
12 496 2
12 2114 1
12 3450 1
12 2832 1
12 1797 1
12 599 2
12 1329 2
12 825 1
12 2227 1
12 1926 1
12 2256 1
12 3712 1
12 2014 2
12 386 2
12 3352 1
12 3312 1
12 3230 1
12 3235 1
12 3388 3
12 2074 3
12 3609 3
12 3483 1
12 749 1
12 53 2
12 1233 3
12 640 3
12 2480 1
12 2234 2
12 2897 1
12 833 1
12 48 1
12 1701 3
12 3752 1
12 1353 1
12 769 1
12 1578 1
12 376 1
12 105 2
12 2882 1
12 815 1
12 298 1
12 3471 1
12 87 1
12 437 1
12 1355 1
12 140 3
12 644 1
12 2076 2
12 3446 1
12 1317 1
12 464 1
12 3764 1
12 3067 2
12 3695 2
12 3777 1
12 3107 1
12 1559 1
12 433 1
12 3032 1
12 1229 1
12 1398 4
12 1754 1
12 3956 6
12 3097 3
12 806 1
12 352 1
12 1430 1
12 1000 1
12 1622 2
12 3821 1
12 838 1
12 1562 4
12 3358 1
12 61 1
12 2550 1
12 1959 3
12 2838 1
12 3351 1
12 1600 1
12 3624 1
12 2254 3
12 785 2
12 1264 2
12 3058 2
12 2770 2
12 360 1
12 3681 1
12 3665 5
12 279 1
12 1479 1
12 2220 1
12 3642 1
12 3336 1
12 2868 1
12 1776 1
12 2416 1
12 3347 1
12 153 1
12 3823 1
12 262 1
12 2608 1
12 3419 1
12 2763 1
12 2240 1
12 1882 1
12 429 1
12 277 1
12 2160 1
12 973 1
12 1282 1
12 2460 3
12 925 2
12 3207 1
12 1132 1
12 1745 1
12 929 1
12 3638 1
12 2869 2
12 1643 2
12 2041 2
12 1523 1
12 2529 1
12 2846 1
12 2282 2
12 635 2
12 1434 1
12 2585 1
12 3499 2
12 3125 1
12 2380 1
12 1954 1
12 1324 1
12 1746 1
12 582 1
12 1548 1
12 218 1
12 665 1
12 108 1
12 68 1
12 2339 1
12 2236 1
12 2843 4
12 2352 1
12 574 1
12 1432 1
12 3218 1
12 2413 1
12 1570 1
12 853 1
12 530 1
12 3038 1
12 1241 1
12 369 1
12 2572 1
12 3171 1
12 252 1
12 1598 1
12 3809 1
12 3368 1
12 2636 1
12 3398 1
12 3400 1
12 3540 1
12 3487 1
12 2344 2
12 1118 1
12 2787 1
12 892 1
12 2266 1
12 1983 1
12 638 1
12 813 1
12 2570 1
12 1255 1
12 3277 2
12 1936 1
12 374 1
12 3579 1
12 362 1
12 484 1
12 3860 1
12 3466 1
12 3249 1
12 3381 1
12 2396 1
12 663 2
12 1594 1
12 2630 2
12 1291 1
12 901 1
12 3378 1
12 1303 2
12 3941 1
12 673 1
12 1035 1
12 3196 1
12 3753 1
12 1467 1
12 3074 1
12 730 1
12 2294 1
12 1571 1
12 66 1
12 1202 1
12 1818 1
12 2187 1
12 1110 1
12 655 1
12 3014 1
12 3250 1
12 2209 1
12 100 1
12 2872 1
12 3649 1
12 2950 1
12 859 1
12 3362 1
12 2262 1
12 110 1
12 758 1
12 2473 1
12 801 1
11 2376 26
11 529 20
11 336 24
11 43 3
11 1972 1
11 2468 1
11 1555 1
11 3768 1
11 1587 1
11 2935 2
11 3140 1
11 2951 1
11 2470 1
11 3194 1
11 1328 5
11 1349 1
11 2356 2
11 2950 9
11 3579 3
11 460 2
11 1111 3
11 34 2
11 766 27
11 1352 7
11 1683 8
11 1413 1
11 1583 14
11 964 6
11 1317 10
11 1473 4
11 66 7
11 617 5
11 2846 16
11 53 1
11 1130 1
11 1048 1
11 3269 1
11 1983 1
11 983 3
11 1825 2
11 3313 1
11 2785 3
11 663 6
11 1880 1
11 2861 3
11 3421 12
11 1262 11
11 2912 15
11 1933 1
11 1662 7
11 1800 13
11 3814 1
11 2530 1
11 210 2
11 956 2
11 959 1
11 1166 10
11 321 1
11 596 2
11 3911 2
11 3766 2
11 1233 1
11 3597 2
11 2736 1
11 675 2
11 980 1
11 1595 1
11 2904 1
11 1610 1
11 865 4
11 3064 2
11 1934 3
11 769 1
11 1533 3
11 1275 3
11 2446 3
11 2494 1
11 597 5
11 2746 2
11 2924 3
11 3797 7
11 3793 5
11 1736 3
11 1892 2
11 1153 11
11 2124 2
11 2410 2
11 870 9
11 3418 2
11 1661 1
11 317 1
11 3868 8
11 146 9
11 211 1
11 2345 1
11 2582 1
11 3330 1
11 1434 3
11 2262 4
11 1220 1
11 654 1
11 635 1
11 2797 1
11 2373 1
11 682 1
11 2668 2
11 1760 4
11 325 2
11 2167 1
11 388 2
11 3495 1
11 1320 1
11 3788 1
11 1494 1
11 3615 1
11 3478 2
11 2472 3
11 188 1
11 1978 1
11 935 1
11 3339 1
11 3811 1
11 2241 1
11 2128 1
11 2165 15
11 2928 2
11 1562 8
11 2211 2
11 590 1
11 3742 3
11 3163 9
11 95 3
11 2523 2
11 3976 5
11 3576 1
11 3763 1
11 2882 7
11 1235 1
11 447 2
11 2927 1
11 2676 3
11 88 1
11 3450 1
11 2030 3
11 1414 4
11 2798 2
11 3556 2
11 3637 3
11 3689 3
11 1558 1
11 1395 2
11 916 1
11 740 2
11 701 5
11 2836 1
11 2085 3
11 1394 2
11 1026 1
11 2967 2
11 1242 3
11 2665 1
11 3192 3
11 464 2
11 327 1
11 3136 2
11 61 1
11 1237 1
11 2348 2
11 199 1
11 1576 1
11 632 1
11 1997 1
11 41 1
11 2747 5
11 843 1
11 3386 1
11 1652 1
11 3145 1
11 2551 1
11 2275 1
11 3778 1
11 3049 1
11 1986 1
11 3094 2
11 2909 1
11 2467 2
11 1573 9
11 495 2
11 2329 1
11 201 1
11 2358 1
11 1011 1
11 1616 1
11 3068 1
11 2787 1
11 108 1
11 2640 1
11 384 2
11 3328 3
11 2810 1
11 3388 1
11 1633 1
11 1870 1
11 671 1
11 1939 1
11 2209 1
11 243 1
11 3664 1
11 3414 11
11 155 1
11 2161 1
11 1971 1
11 2964 1
11 2268 1
11 2252 6
11 1792 2
11 1003 2
11 719 2
11 3448 1
11 1915 2
11 544 7
11 1615 1
11 3223 2
11 3918 2
11 2486 13
11 2988 1
11 2774 4
11 3624 10
11 3748 1
11 3206 1
11 1432 1
11 1377 1
11 2154 2
11 1329 2
11 3438 2
11 2219 8
11 2236 2
11 1520 1
11 1101 1
11 3787 1
11 1852 1
11 1681 1
11 2648 2
11 1905 1
11 925 7
11 942 1
11 181 1
11 195 2
11 2608 1
11 1430 1
11 3924 3
11 1622 1
11 1798 1
11 695 1
11 2404 1
11 999 4
11 190 4
11 3697 2
11 1019 4
11 827 2
11 2123 3
11 1292 6
11 248 1
11 1756 2
11 3944 2
11 1722 1
11 2986 1
11 3711 2
11 3519 1
11 2902 1
11 2136 2
11 732 2
11 2799 1
11 3616 1
11 156 6
11 3916 4
11 1688 3
11 1862 5
11 3467 1
11 3401 2
11 1891 2
11 3904 3
11 1774 1
11 1014 2
11 3213 1
11 521 2
11 3808 1
11 2179 2
11 862 1
11 3799 1
11 1334 1
11 2542 1
11 2078 1
11 892 1
11 2013 2
11 1507 1
11 376 1
11 1883 5
11 377 1
11 2258 8
11 3403 4
11 2086 2
11 2393 1
11 1653 1
11 1421 1
11 432 1
11 163 1
11 984 3
11 1126 1
11 67 1
11 3077 1
11 658 1
11 798 1
11 3490 3
11 3720 1
11 1841 1
11 2279 1
11 1417 1
11 1402 1
11 253 1
11 23 1
11 1696 1
11 3273 3
11 415 1
11 352 1
11 2645 1
11 1031 4
11 790 1
11 1460 1
11 2360 1
11 2229 1
11 1283 1
11 1297 2
11 387 3
11 1104 1
11 1202 1
11 1455 1
11 2281 2
11 3823 1
11 1767 1
11 1516 3
11 1358 1
11 102 1
11 136 1
11 3855 5
11 3018 3
11 2652 1
11 3021 1
11 710 1
11 817 1
11 546 3
11 2069 3
11 2905 4
11 619 2
11 3014 1
11 3686 1
11 3593 1
11 2918 1
11 904 1
11 194 2
11 2191 1
11 1790 1
11 987 1
11 552 1
11 1253 2
11 2499 1
11 149 1
11 2444 1
11 93 1
11 3906 1
11 3131 1
11 1694 1
11 1544 1
11 3188 1
11 3622 1
11 1895 1
11 238 1
11 3379 1
11 429 3
11 433 1
11 1154 1
11 407 1
11 143 2
11 3837 1
11 3078 1
11 1753 1
11 360 4
11 2791 1
11 2298 2
11 1868 4
11 831 3
11 1378 1
11 3308 3
11 3019 4
11 2498 1
11 2081 1
11 2328 3
11 2963 1
11 660 1
11 1032 1
11 2342 1
11 3087 1
11 579 1
11 2135 1
11 970 2
11 2833 1
11 3035 1
11 1439 1
11 3196 2
11 532 1
11 2920 1
11 180 1
11 3098 1
11 699 1
11 678 1
11 2732 1
11 422 3
11 2814 1
11 656 1
11 356 1
11 1094 1
11 2079 1
11 2555 1
11 527 1
11 3297 1
11 1469 1
11 154 1
11 788 1
11 301 1
11 2573 1
11 3668 1
11 2714 1
11 2228 9
11 5 1
11 3381 2
11 2364 1
11 3527 1
11 1901 1
11 2340 1
11 858 1
11 3966 1
11 223 1
11 1586 1
11 3433 1
11 3052 2
11 2689 2
11 3141 1
11 778 1
11 2322 1
11 173 1
11 2335 1
11 3193 1
11 392 1
11 2705 1
11 3530 2
11 3722 1
11 2890 1
11 1265 1
11 2556 1
11 1531 1
11 3568 2
11 2519 1
11 38 1
11 937 2
11 1523 3
11 2865 1
11 600 1
11 3482 1
11 374 1
11 3050 1
11 3303 14
11 988 1
11 3810 1
11 917 1
11 1481 1
11 1339 1
11 363 2
11 118 1
11 3020 1
11 1902 1
11 3611 1
11 294 1
11 3834 1
11 2587 1
11 1207 1
11 3307 1
11 2400 1
11 2990 1
11 2240 1
11 3180 1
11 44 2
11 2695 1
11 2280 1
11 417 1
11 3656 1
11 2420 1
11 3528 1
11 1671 1
11 3762 1
11 245 2
11 2200 1
11 2396 1
11 27 1
11 1291 1
11 69 1
11 2053 1
11 2385 1
11 3044 1
11 1392 1
11 2139 2
11 368 1
11 1577 1
11 1137 1
11 3535 1
11 1537 1
11 814 1
11 226 1
11 1532 1
11 1433 1
11 3062 1
11 3143 1
11 3638 1
11 2041 1
11 1697 1
11 2808 1
11 2160 1
11 613 1
10 3403 68
10 2891 1
10 1568 2
10 870 6
10 521 2
10 694 1
10 3763 5
10 2935 7
10 2339 4
10 3766 3
10 1190 1
10 146 3
10 2473 1
10 2219 3
10 701 3
10 3089 1
10 1358 1
10 2747 7
10 2236 3
10 3564 1
10 1352 1
10 1516 1
10 407 1
10 1862 1
10 925 6
10 3721 1
10 2179 1
10 2799 7
10 665 1
10 769 1
10 3611 1
10 3831 1
10 3407 1
10 376 1
10 579 1
10 3624 1
10 3143 2
10 2877 1
10 1042 1
10 3052 2
10 2078 1
10 964 1
10 1014 1
10 1509 2
10 3204 1
10 2000 2
10 3388 1
10 460 1
10 1225 1
10 1090 3
10 2376 4
10 3962 2
10 1652 6
10 1883 3
10 1555 1
10 732 1
10 2967 1
10 1774 1
10 336 1
10 1662 5
10 1485 2
10 2774 1
10 3868 8
10 2770 2
10 3616 1
10 243 1
10 825 3
10 3328 1
10 1945 1
10 91 1
10 1947 2
10 2370 1
10 2959 1
10 2695 1
10 1661 2
10 3172 4
10 3182 2
10 1623 1
10 2261 1
10 1479 1
10 1938 1
10 1934 5
10 571 4
10 2964 4
10 3610 1
10 3524 2
10 2779 1
10 2798 2
10 412 1
10 2014 1
10 2793 1
10 1237 1
10 95 1
10 429 1
10 3976 3
10 1548 1
10 389 3
10 1334 3
10 426 1
10 1247 2
10 3604 7
10 2608 3
10 659 1
10 1966 1
10 1717 1
10 142 1
10 541 3
10 156 2
10 2446 1
10 3662 1
10 1866 1
10 3490 3
10 2346 5
10 2895 1
10 515 1
10 1686 1
10 2674 1
10 3640 13
10 2126 1
10 617 4
10 2536 7
10 2210 5
10 1420 2
10 3217 2
10 1583 1
10 3081 2
10 663 1
10 1153 1
10 983 1
10 2724 4
10 1066 1
10 1533 2
10 1275 3
10 2565 1
10 1737 1
10 3620 4
10 2372 1
10 6 1
10 136 2
10 181 11
10 1346 1
10 1 1
10 316 5
10 3118 1
10 708 2
10 1328 2
10 2832 1
10 3728 1
10 360 1
10 1192 1
10 1119 1
10 1104 1
10 2689 4
10 3326 1
10 1648 3
10 2713 3
10 2846 8
10 1011 3
10 299 1
10 2191 6
10 131 1
10 1591 1
10 632 10
10 3177 1
10 792 2
10 3452 2
10 3134 1
10 2817 1
10 1905 4
10 1413 1
10 2618 2
10 3718 1
10 3814 1
10 1785 1
10 3808 1
10 1284 1
10 725 1
10 1201 1
10 892 3
10 1601 1
10 2918 1
10 194 1
10 2966 1
10 3789 1
10 2253 1
10 2421 1
10 160 1
10 3548 1
10 2969 2
10 872 2
10 3268 1
10 442 1
10 1502 1
10 1789 2
10 3850 1
10 2647 1
10 1830 2
10 2860 4
10 1573 1
10 3528 1
10 191 1
10 3569 1
10 1463 1
10 265 1
10 3074 1
10 1996 1
10 1587 8
10 2861 1
10 838 1
10 631 2
10 511 1
10 61 1
10 3049 2
10 3100 3
10 1531 3
10 3592 1
10 2443 1
10 3308 7
10 1907 2
10 3894 1
10 2544 1
10 757 1
10 1133 1
10 432 1
10 1702 1
10 3247 1
10 1813 1
10 1430 1
10 2831 1
10 3205 1
10 2175 1
10 2439 1
10 391 4
10 1109 1
10 2034 1
10 956 1
10 3772 1
10 1493 3
10 2579 2
10 2790 1
10 3142 1
10 2748 3
10 1205 2
10 3256 1
10 1562 2
10 929 2
10 2119 1
10 3872 1
10 2649 3
10 3037 4
10 314 1
10 3480 1
10 2115 1
10 1019 2
10 199 1
10 3567 1
10 66 4
10 2079 1
10 2555 1
10 1950 1
10 2053 1
10 1000 2
10 1870 2
10 2500 1
10 3969 1
10 1954 2
10 1324 1
10 575 1
10 2049 2
10 2675 1
10 0 1
10 246 1
10 1971 1
10 779 1
10 3552 2
10 683 1
10 625 1
10 654 1
10 1434 5
10 1397 3
10 2927 1
10 1264 1
10 903 1
10 3690 1
10 2283 1
10 3464 2
10 2999 1
10 483 2
10 1572 1
10 2458 1
10 1466 2
10 269 1
10 2069 1
10 1114 1
10 3492 3
10 845 3
10 556 3
10 2288 2
10 3527 1
10 999 1
10 3034 1
10 3196 3
10 675 1
10 3035 1
10 930 3
10 3339 1
10 2904 1
10 2468 1
10 1115 1
10 2154 1
10 1574 1
10 3911 2
10 335 1
10 568 1
10 1918 1
10 585 1
10 3039 2
10 3356 3
10 648 1
10 1135 1
10 1557 1
10 776 1
10 1713 1
10 2637 1
10 3188 1
10 3845 1
10 2264 1
10 1411 1
10 689 1
10 3122 1
10 2671 1
10 1798 1
10 3090 1
10 711 1
10 2706 2
10 2240 1
10 1281 1
10 2487 2
10 2009 1
10 3085 1
10 2203 2
10 3854 1
10 1809 1
10 1078 1
10 1786 1
10 40 2
10 3422 2
10 2211 1
10 3786 2
10 3521 3
10 3574 3
10 381 1
10 423 1
10 3270 1
10 3072 1
10 117 1
10 267 3
10 1038 1
10 641 1
10 1684 1
10 936 1
10 2429 1
10 567 1
10 1540 1
9 1140 19
9 2253 2
9 2639 1
9 842 1
9 838 3
9 3531 6
9 2334 1
9 1546 1
9 3328 6
9 1562 3
9 2509 1
9 2998 1
9 241 1
9 2177 8
9 426 1
9 1568 1
9 3656 1
9 2230 1
9 2030 2
9 497 1
9 3026 1
9 1905 8
9 28 1
9 1741 2
9 1619 1
9 310 7
9 1754 1
9 151 1
9 76 1
9 1245 1
9 1721 1
9 2894 1
9 1221 1
9 1011 1
9 1537 1
9 814 1
9 3163 1
9 1202 1
9 1984 4
9 645 1
9 8 1
9 3418 1
9 1555 2
9 3906 1
9 2582 1
9 432 4
9 2578 2
9 2896 1
9 65 1
9 1081 3
9 2244 2
9 1432 1
9 1631 1
9 309 2
9 1760 1
9 1560 2
9 1193 1
9 2323 3
9 3273 1
9 293 1
9 2069 2
9 1608 2
9 1494 1
9 1707 2
9 742 1
9 1638 1
9 480 1
9 489 1
9 1454 2
9 508 1
9 1993 1
9 1418 1
9 3152 1
9 1790 1
9 2081 1
9 2111 1
9 1277 1
9 2979 2
9 194 2
9 1430 1
9 2310 1
9 2404 1
9 2797 1
9 2885 1
9 2846 1
9 2267 1
9 3049 2
9 3929 1
9 1576 1
9 2446 1
9 3640 2
9 930 1
9 3043 1
9 1753 1
9 656 1
9 2117 1
9 295 2
9 683 2
9 2472 2
9 1098 1
9 2798 1
9 2027 3
9 3629 1
9 2772 2
9 1595 1
9 2906 1
9 22 1
9 2608 1
9 2492 1
9 3327 1
9 2369 1
9 1971 1
9 572 1
9 1961 1
9 2056 1
9 3763 2
9 3355 4
9 3879 1
9 2289 1
9 1665 1
9 892 1
9 2929 3
9 2935 2
9 927 1
9 123 2
9 32 2
9 1110 1
9 567 1
9 3621 1
9 2616 1
9 2796 1
9 190 1
9 1382 1
9 360 3
9 1190 1
9 3821 1
9 3181 2
9 1043 1
9 1012 1
9 2474 3
9 650 1
9 3391 1
9 3832 1
9 1646 1
9 3253 1
9 2491 1
9 1620 1
9 2882 1
9 1146 1
9 2136 1
9 2518 1
9 1298 1
9 3276 1
9 2773 1
9 2685 5
9 283 4
9 2053 1
9 1661 1
9 2333 1
9 3388 1
9 1564 1
9 2758 2
9 1064 1
9 1906 1
9 188 1
9 3876 1
9 584 2
9 956 1
9 3490 1
9 912 1
9 3694 1
9 925 1
9 1486 1
9 1222 1
9 3868 1
9 198 1
9 398 1
9 3783 1
9 2401 1
9 2567 1
9 1436 1
9 3237 1
9 1434 1
9 3336 2
9 825 1
9 185 1
9 1192 1
9 1031 1
9 545 1
8 3736 13
8 1589 8
8 2774 1
8 123 3
8 1753 2
8 3490 3
8 870 5
8 1652 2
8 2799 3
8 1264 2
8 146 4
8 3789 1
8 2578 1
8 3851 1
8 2950 1
8 3577 6
8 443 2
8 925 3
8 1662 1
8 1590 2
8 1986 1
8 3094 1
8 3858 1
8 3478 1
8 1334 2
8 3146 1
8 3624 1
8 3392 1
8 1934 1
8 1300 1
8 1802 1
8 1509 2
8 984 3
8 3134 4
8 2945 1
8 1206 2
8 3304 1
8 3662 3
8 399 3
8 1243 1
8 1026 1
8 762 1
8 2488 2
8 713 3
8 3334 1
8 501 1
8 2374 1
8 673 2
8 2067 1
8 1905 2
8 2895 2
8 1438 1
8 3763 1
8 3188 1
8 3089 2
8 944 1
8 3181 2
8 1985 1
8 1448 1
8 2071 1
8 1413 1
8 2408 1
8 1362 1
8 803 1
8 1619 1
8 892 2
8 2548 1
8 1394 1
8 2078 2
8 3457 1
8 874 1
8 158 1
8 1537 1
8 814 1
8 3367 1
8 3543 1
8 2282 1
8 2869 1
8 87 1
8 3821 2
8 3291 1
8 3122 1
8 3638 1
8 2171 1
8 1751 1
8 3579 2
8 1029 1
8 3812 1
8 3143 2
8 2381 1
8 3388 2
8 2787 2
8 2718 2
8 879 1
8 2012 1
8 2390 1
8 717 1
8 3968 1
8 2452 1
8 2207 1
8 3107 1
8 2744 1
8 865 1
8 2824 1
8 3929 1
8 3807 1
8 2854 1
8 2231 1
8 3375 1
8 3916 3
8 1459 1
8 1348 1
8 1533 1
8 2812 1
8 3611 2
8 3801 1
8 3030 1
8 329 2
8 795 1
8 3840 1
8 2283 1
8 3 1
8 1579 2
8 2050 1
8 2915 1
8 3938 1
8 2510 1
8 840 1
8 1511 1
8 3826 1
8 1545 1
8 2935 1
8 765 1
8 923 1
8 812 1
8 1632 1
8 485 1
8 2126 1
8 2608 1
8 2396 2
8 2533 1
8 2018 1
8 3755 1
8 924 1
8 1156 1
8 2286 1
8 1383 1
8 1562 1
8 663 1
8 3079 1
8 3809 1
8 3539 1
8 2689 1
8 2122 3
8 182 2
8 2802 2
8 1713 1
8 2591 1
8 656 1
8 2580 1
8 429 1
8 3217 1
8 2719 1
8 701 1
8 661 1
8 2140 1
8 3654 1
8 1645 1
8 668 1
8 432 1
8 1994 1
8 2638 1
8 3355 1
8 191 1
8 1441 1
8 2043 1
8 2431 1
8 1419 1
8 3244 1
8 1205 1
8 3842 1
8 1862 1
8 289 1
8 199 1
8 1242 1
8 3183 1
8 964 1
8 1114 1
7 1254 22
7 2404 2
7 3950 1
7 1329 2
7 2039 1
7 1583 2
7 943 5
7 846 4
7 3814 1
7 3743 1
7 3907 5
7 2928 1
7 194 2
7 2061 1
7 1950 1
7 3868 2
7 1144 2
7 964 3
7 3660 1
7 1562 7
7 3328 3
7 683 1
7 1222 1
7 3976 6
7 3284 1
7 829 1
7 925 4
7 95 1
7 1862 9
7 2452 1
7 987 8
7 1800 2
7 2684 10
7 130 2
7 1662 2
7 3166 5
7 1641 1
7 973 5
7 3904 1
7 1202 2
7 2056 3
7 2979 1
7 3541 1
7 1545 2
7 3764 1
7 2174 1
7 1883 1
7 2042 1
7 370 1
7 2846 4
7 684 1
7 542 1
7 2562 2
7 1971 1
7 2688 1
7 2545 1
7 1015 1
7 1104 2
7 700 1
7 1999 1
7 3428 1
7 1298 1
7 1232 1
7 3766 1
7 1797 2
7 1881 4
7 1870 5
7 460 1
7 1328 3
7 379 1
7 3011 1
7 3163 1
7 1074 2
7 679 2
7 1358 1
7 2677 1
7 1546 1
7 3367 1
7 1557 1
7 671 1
7 1760 2
7 3456 1
7 1168 3
7 2633 1
7 505 1
7 1449 4
7 1422 1
7 535 2
7 1127 1
7 795 1
7 2383 1
7 252 2
7 2024 1
7 2460 1
7 1319 1
7 902 1
7 3554 1
7 2964 2
7 1905 2
7 334 1
7 3663 1
7 2344 2
7 2747 6
7 2198 1
7 153 1
7 3161 1
7 3219 1
7 609 1
7 2049 1
7 2941 1
7 2895 1
7 432 1
7 1012 1
7 1076 3
7 3424 1
7 68 1
7 3564 1
7 2729 1
7 2616 2
7 1619 1
7 2918 4
7 3479 3
7 1049 4
7 3596 1
7 2966 1
7 770 1
7 701 3
7 2997 2
7 663 1
7 1925 2
7 2618 1
7 160 2
7 3450 1
7 3388 3
7 2018 1
7 1810 1
7 788 2
7 3228 1
7 2102 1
7 1063 2
7 2557 1
7 937 1
7 2448 1
7 3372 1
7 1851 2
7 2832 1
7 2353 1
7 694 1
7 2169 1
7 196 1
7 429 1
7 2798 1
7 426 1
7 337 1
7 3688 1
7 3181 1
7 756 1
7 1090 1
7 904 1
7 3226 1
7 1941 1
7 1992 1
7 622 1
7 422 1
7 2110 1
7 2847 1
7 3623 1
7 1452 1
7 2772 1
7 3438 1
7 2774 3
7 1475 1
7 3801 1
7 3545 1
7 666 1
7 1753 1
7 1237 1
7 1892 1
7 66 1
7 2893 1
7 860 1
7 2238 1
7 867 1
7 2683 1
7 3815 1
7 3297 1
7 1951 1
7 2219 2
7 3865 1
7 1606 1
7 3822 1
7 1349 1
7 1773 2
7 360 1
7 1250 1
7 3832 1
7 2769 1
7 3447 2
7 891 1
7 3667 1
7 1711 1
7 326 1
7 3610 1
7 1879 1
7 2254 1
7 590 1
7 2178 1
7 791 1
7 2063 2
7 3690 4
7 2631 2
7 2303 1
7 804 1
7 3621 1
7 508 1
7 1370 1
7 636 1
7 2251 1
7 2279 1
7 3073 1
7 1172 1
6 680 11
6 782 11
6 271 6
6 925 1
6 1662 1
6 1447 1
6 2039 5
6 1846 1
6 460 1
6 2160 1
6 1468 6
6 673 2
6 955 3
6 795 1
6 1069 1
6 983 1
6 3344 3
6 1935 1
6 599 1
6 1924 1
6 3970 1
6 2510 2
6 973 3
6 86 1
6 1471 3
6 1760 2
6 814 2
6 177 1
6 2208 1
6 1128 1
6 209 1
6 1862 1
6 2741 1
6 3439 1
6 516 2
6 2079 2
6 2846 1
6 2168 1
6 907 2
6 3104 1
6 1155 1
6 3253 1
6 1557 1
6 2707 1
6 1627 1
6 3178 1
6 793 1
6 2436 1
6 2472 1
6 1326 1
6 1434 1
6 3145 1
6 3690 1
6 1270 2
6 2209 1
6 3508 2
6 2948 1
6 268 1
6 189 1
6 2233 1
6 3442 1
6 749 2
6 3469 1
6 3196 1
6 293 2
6 1727 1
6 3657 2
6 665 1
6 3930 1
6 1909 1
6 1883 1
6 1396 2
6 892 3
6 3361 1
6 3163 1
6 2533 2
6 3976 3
6 3973 1
6 2354 2
6 659 1
6 2788 1
6 2440 1
6 2092 1
6 769 1
6 3611 2
6 2895 1
6 3328 1
6 3809 2
6 1183 2
6 466 1
6 1548 1
6 553 1
6 764 1
6 3583 1
6 1562 1
6 2995 1
6 1527 1
6 3107 1
6 1345 1
6 156 2
6 442 1
6 1553 1
6 151 1
6 467 1
6 505 1
6 3691 1
6 1770 1
6 3434 1
6 280 1
6 1079 1
6 1221 1
6 1195 1
6 3586 2
6 429 2
6 1316 1
6 3322 1
6 617 2
6 166 2
6 2849 1
6 2504 1
6 122 1
6 2798 1
6 2012 1
6 1110 2
6 3579 1
6 3367 1
6 1528 1
6 992 1
6 3278 1
6 2765 1
6 1836 1
6 3795 1
6 3932 1
6 2766 2
6 2882 2
6 3939 1
6 919 1
6 311 1
6 1042 1
6 3388 3
6 1573 2
6 2053 1
6 3450 1
6 1118 1
6 3216 1
6 283 1
6 2076 2
6 2581 1
6 1437 1
6 3440 1
6 1152 2
6 3000 1
6 215 1
6 3510 2
6 852 1
6 2046 1
6 770 1
6 3789 1
6 927 1
6 1587 1
6 1273 1
6 2052 1
6 3054 1
6 2650 1
6 969 1
6 1024 1
6 2998 1
6 2868 1
6 2622 1
6 3665 1
6 3097 1
6 568 1
6 3262 1
6 2396 1
6 2861 1
6 1112 1
6 3286 1
6 2832 1
6 243 1
6 3308 1
6 1605 1
6 1958 1
6 829 1
6 3688 1
6 464 1
6 393 1
6 3538 1
6 1093 1
5 1623 11
5 1479 3
5 1938 6
5 3403 13
5 962 8
5 2503 1
5 1811 1
5 2496 1
5 780 1
5 2122 1
5 1587 1
5 1576 4
5 1934 3
5 429 2
5 237 2
5 660 2
5 472 1
5 1378 1
5 1531 2
5 3579 2
5 1760 1
5 3940 1
5 671 1
5 879 1
5 3899 1
5 3976 1
5 2895 1
5 260 1
5 1267 1
5 867 1
5 814 1
5 2798 1
5 1151 1
5 337 1
5 3688 1
5 3346 1
5 2539 1
5 3868 1
5 3520 1
5 1656 1
5 390 1
5 1616 1
5 2682 1
5 66 3
5 3135 1
5 1691 1
5 577 1
5 1662 2
5 1014 3
5 997 1
5 1205 1
5 1880 1
5 1562 3
5 3452 1
5 2954 1
5 1536 1
5 2999 1
5 1220 1
5 571 1
5 3764 1
5 461 1
5 2536 1
5 2912 3
5 635 1
5 1927 1
5 961 2
5 2802 1
5 865 2
5 336 1
5 715 1
5 355 1
5 878 1
5 112 1
5 1863 1
5 1557 2
5 3174 1
5 2345 1
5 2056 1
5 1883 2
5 2674 1
5 1516 2
5 3529 1
5 2034 2
5 1200 1
5 1545 1
5 3798 1
5 1756 1
5 3624 1
5 314 1
5 870 2
5 2671 1
5 3481 1
5 1686 1
5 391 1
5 2327 1
5 2709 1
5 2015 1
5 2747 2
5 3138 2
5 2191 1
5 243 2
5 283 1
5 420 1
5 3528 1
5 2935 1
5 501 1
5 3252 1
5 2762 1
5 2384 1
5 2376 1
5 412 1
5 3904 3
5 1573 4
5 410 1
5 1328 2
5 110 1
5 1190 1
5 2792 1
5 3360 1
5 3596 1
5 3907 2
5 1457 1
5 1244 1
5 3267 1
5 925 3
5 2244 1
5 311 2
5 1476 1
5 3016 1
5 2224 1
5 1063 1
5 2882 1
5 1581 1
5 3832 1
5 3591 1
5 3151 1
5 462 1
5 1169 1
5 1138 1
5 3239 1
5 1955 1
5 927 1
5 882 1
5 101 1
5 788 1
5 3369 1
5 3251 1
5 194 2
5 3486 1
5 601 1
5 3881 1
5 2911 1
5 743 1
5 2044 1
5 3891 1
5 1772 1
5 3923 1
5 2631 1
5 2339 1
5 1949 1
5 987 1
5 944 1
5 2386 1
5 2437 1
5 1974 1
5 1977 1
5 2775 1
5 2604 1
5 1050 1
5 1416 1
5 3359 1
5 324 1
5 2934 1
5 49 1
5 546 2
5 3260 1
5 521 1
5 215 1
5 2471 1
5 309 1
5 2927 1
5 3652 1
5 3308 1
5 1744 1
5 622 1
5 1333 1
5 701 2
5 884 1
5 2045 1
5 498 1
5 3912 1
5 448 1
5 40 1
5 3217 1
5 211 1
5 3625 1
4 2613 7
4 1870 7
4 2508 8
4 2254 2
4 834 2
4 3616 8
4 3331 2
4 3624 3
4 1883 2
4 3692 1
4 2452 2
4 2799 2
4 3736 2
4 1786 2
4 2846 5
4 2032 2
4 732 4
4 321 1
4 863 1
4 3403 4
4 3611 5
4 776 2
4 648 1
4 917 1
4 2372 1
4 2935 1
4 136 1
4 3853 1
4 1466 1
4 3868 1
4 561 1
4 3878 1
4 3381 1
4 44 1
4 3902 1
4 339 1
4 2641 3
4 1054 3
4 1528 1
4 2155 2
4 3573 2
4 1880 2
4 3782 1
4 1111 1
4 422 2
4 3662 1
4 399 1
4 210 1
4 598 1
4 865 3
4 935 2
4 2775 1
4 3690 1
4 644 1
4 3019 1
4 2191 1
4 1321 1
4 3204 1
4 2787 1
4 3386 1
4 2069 1
4 615 1
4 2049 1
4 3852 1
4 3035 1
4 2743 1
4 3177 1
4 1587 1
4 2477 1
4 2195 1
4 892 1
4 432 1
4 2142 1
4 395 1
4 1578 1
4 2667 1
4 156 1
4 1637 1
4 2640 1
4 384 1
4 607 1
4 2944 1
4 2108 1
4 1933 2
4 2290 1
4 2345 1
4 1533 1
4 2048 1
4 568 1
4 2306 1
4 3933 1
4 3954 1
4 1760 1
4 2882 1
4 1562 1
4 1403 1
4 436 2
4 360 1
4 618 1
4 2532 1
4 868 1
4 3206 1
4 2470 1
4 2297 1
3 1626 18
3 2950 2
3 3052 2
3 1986 1
3 3094 1
3 1206 1
3 870 1
3 912 1
3 3068 1
3 2320 4
3 2494 6
3 2209 1
3 3450 1
3 2136 1
3 2519 1
3 38 1
3 2067 1
3 838 1
3 2956 1
3 2897 3
3 1019 6
3 1133 1
3 3204 1
3 1712 1
3 2747 2
3 3495 1
3 568 1
3 1621 3
3 114 1
3 429 2
3 2798 1
3 1233 1
3 2456 1
3 2998 1
3 3328 3
3 426 1
3 666 1
3 2940 1
3 265 1
3 3861 2
3 146 2
3 2298 2
3 617 1
3 807 1
3 3075 1
3 1921 1
3 1394 2
3 2924 3
3 1736 3
3 3811 1
3 3049 1
3 1562 1
3 3048 1
3 1797 1
3 2638 2
3 1652 1
3 2582 1
3 3130 1
3 3405 1
3 2049 1
3 56 2
3 1886 1
3 2619 1
3 3797 1
3 3403 1
3 3250 1
3 2592 1
3 3215 1
3 1538 1
3 3911 1
3 2254 1
3 74 2
3 3042 1
3 422 1
3 2446 2
3 1290 1
3 925 4
3 1753 1
3 1583 1
3 1912 2
3 3764 3
3 642 1
3 1892 1
3 3845 2
3 1220 1
3 2643 1
3 474 1
3 914 1
3 1277 2
3 2259 1
3 3064 2
3 3107 1
3 983 1
3 1275 1
3 2788 1
3 2935 1
3 2758 1
3 1638 1
3 3739 1
3 1926 1
3 340 1
3 3354 1
3 389 1
3 292 1
3 341 2
3 891 1
3 1304 1
3 1575 1
3 560 1
3 2471 2
3 2718 1
3 2065 2
3 2013 1
3 3308 1
3 3592 1
3 1030 1
3 1757 1
3 2918 1
3 904 1
3 2525 1
3 3651 2
3 1434 2
3 1099 1
3 652 1
3 2261 1
3 1351 1
3 1248 1
3 1934 1
3 1547 1
3 2931 1
3 1341 1
3 3522 2
3 2778 1
3 3256 1
3 1735 1
3 3151 1
3 2606 1
3 2586 1
3 225 1
3 3435 1
3 3766 1
3 3428 1
3 1264 1
3 1972 1
3 558 1
3 3196 1
3 1576 1
3 2939 1
3 3414 1
3 2523 1
3 349 1
3 1863 1
3 528 1
3 1543 1
3 3808 1
3 918 1
2 2998 6
2 3723 6
2 1750 1
2 1334 6
2 732 4
2 3616 5
2 3625 7
2 3736 4
2 1786 4
2 448 7
2 3976 2
2 1341 2
2 2882 3
2 2597 1
2 3623 1
2 2804 2
2 1192 4
2 810 1
2 2032 1
2 1111 1
2 2964 3
2 123 3
2 1753 1
2 852 1
2 695 1
2 24 1
2 865 5
2 384 1
2 3611 4
2 983 2
2 3328 3
2 1675 1
2 2799 4
2 345 1
2 1309 1
2 1148 1
2 1182 1
2 332 1
2 480 1
2 3308 3
2 2283 1
2 677 1
2 3868 3
2 848 1
2 86 1
2 2895 1
2 311 1
2 2810 2
2 1747 1
2 2374 1
2 2758 1
2 1638 1
2 3310 1
2 2857 1
2 722 1
2 276 1
2 3055 1
2 626 1
2 3393 1
2 2134 1
2 3445 1
2 2344 1
2 1862 1
2 426 1
2 146 8
2 1933 2
2 1555 1
2 1860 2
2 2049 1
2 1011 1
2 3535 1
2 901 1
2 2337 1
2 1227 1
2 1100 1
2 966 1
2 551 1
2 814 2
2 3856 1
2 1742 2
2 1032 1
2 2306 2
2 1760 2
2 2231 1
2 829 1
2 956 1
2 3884 1
2 2840 1
2 1573 2
2 881 3
2 691 1
2 459 1
2 1741 1
2 3238 1
2 1390 1
2 2098 1
2 2921 1
2 122 1
2 1934 2
2 2511 1
2 682 1
2 993 1
2 826 1
2 3803 1
2 1541 1
2 2581 1
2 1649 1
2 1609 1
2 101 2
2 2691 1
2 3407 1
2 1870 2
2 3388 1
2 770 3
2 2935 2
2 3601 1
2 3373 4
2 3600 1
2 2672 1
2 3306 1
2 1838 1
2 925 3
2 3163 2
2 785 2
2 1625 1
2 1220 1
2 1765 1
2 804 1
2 1479 2
2 2754 1
2 3196 1
2 211 2
2 2294 1
2 2206 1
2 3904 1
2 3122 2
2 1434 2
2 3091 1
2 927 2
2 665 1
2 2043 1
2 3954 1
2 3606 1
2 795 1
2 2405 1
2 3729 1
2 3825 2
2 1490 1
2 1774 1
2 2254 1
2 1785 1
2 3267 1
2 701 2
2 2979 1
2 709 1
2 3195 1
2 3018 1
2 2299 1
2 1557 1
2 3143 1
2 2031 1
2 1121 1
2 2953 1
2 1905 1
2 838 1
2 66 1
2 1139 1
2 3426 1
2 867 1
2 1075 1
2 1926 1
2 40 1
2 237 1
2 3403 4
2 2846 1
2 2803 1
2 596 1
2 2429 2
2 2549 1
2 3139 1
2 3911 1
2 2508 1
2 2613 1
2 321 1
2 863 1
2 1403 1
2 2559 1
2 169 1
2 1738 1
2 1836 1
1 3035 14
1 3652 9
1 110 1
1 732 3
1 1649 4
1 1856 1
1 1555 1
1 892 2
1 3403 2
1 2000 1
1 964 1
1 3308 2
1 3383 1
1 3962 1
1 1334 1
1 432 1
1 2935 1
1 3976 3
1 2871 1
1 1356 1
1 2122 1
1 865 1
1 1935 1
1 3723 1
1 683 2
1 1760 3
1 3019 1
1 24 1
1 1803 1
1 2470 1
1 3611 1
1 3262 1
1 2768 1
1 2914 1
1 1965 1
1 1139 1
1 2534 1
1 1853 1
1 2743 5
1 2762 1
1 363 1
1 1581 1
1 2822 1
1 1905 1
1 3814 2
1 336 1
1 2846 1
1 2061 1
1 2136 1
1 2254 2
1 1166 3
1 2861 2
1 3596 1
1 3863 2
1 2404 1
1 3616 1
1 1841 1
1 1434 2
1 675 1
1 2179 1
1 219 1
1 380 2
1 3107 1
1 2330 3
1 3388 2
1 1982 1
1 2799 2
1 2895 1
1 2472 1
1 464 2
1 1913 1
1 2160 1
1 519 1
1 140 1
1 568 2
1 2448 1
1 1317 1
1 1533 1
1 2508 1
1 3507 1
1 1933 5
1 365 2
1 2195 1
1 1531 1
1 2613 1
1 1870 1
1 1836 1
1 983 1
1 395 1
1 2897 1
1 3624 1
1 3116 1
1 3163 1
1 1012 1
1 917 1
1 1211 1
1 3194 1
1 2433 1
1 1880 1
1 663 1
1 3478 1
1 3714 2
1 1572 2
1 1801 1
1 422 1
1 3766 2
1 770 1
1 2142 1
1 935 1
1 3535 1
1 1202 1
1 2140 1
1 1587 1
1 1188 1
1 857 1
1 1041 1
1 1668 1
